 -0.01  -0.15  -9.49  -0.00   0.00  -0.00  29.24   1.01   0.10   0.10 -0.56  -0.16  -0.17 
  0.01  -0.16  -9.51  -0.00   0.00  -0.00  29.16   1.01   0.10   0.10 0.10  -0.16  -0.15 
  0.01  -0.17  -9.52  -0.00   0.00  -0.00  29.56   1.01   0.10   0.10 0.64  -0.16  -0.15 
  0.01  -0.15  -9.52  -0.00   0.00   0.00  29.27   1.01   0.10   0.10 -0.14  -0.16  -0.18 
 -0.01  -0.16  -9.50  -0.00   0.00   0.00  29.33   1.01   0.10   0.10 0.46  -0.16  -0.16 
  0.01  -0.14  -9.50  -0.00   0.00   0.00  29.66   1.00   0.10   0.10 0.15  -0.16  -0.14 
 -0.02  -0.17  -9.52  -0.00   0.00   0.00  29.14   1.00   0.10   0.10 -0.48  -0.15  -0.17 
 -0.00  -0.15  -9.51  -0.00   0.00  -0.00  29.05   1.00   0.10   0.10 -0.78  -0.15  -0.16 
 -0.01  -0.13  -9.50  -0.00   0.00  -0.00  29.42   1.00   0.10   0.10 1.06  -0.15  -0.14 
 -0.01  -0.17  -9.49  -0.00   0.00  -0.00  29.25   1.00   0.10   0.10 -0.16  -0.15  -0.15 
  0.03  -0.17  -9.51  -0.00  -0.00  -0.00  29.31   1.00   0.10   0.10 0.23  -0.16  -0.16 
  0.03  -0.19  -9.52  -0.00   0.00  -0.00  29.27   1.00   0.10   0.10 0.21  -0.17  -0.15 
  0.00  -0.18  -9.52  -0.00   0.00   0.00  29.40   0.99   0.10   0.10 -1.65  -0.18  -0.17 
 -0.02  -0.11  -9.52  -0.00   0.00   0.00  29.30   0.99   0.11   0.11 0.03  -0.17  -0.17 
 -0.02  -0.16  -9.50  -0.00   0.00  -0.00  28.91   0.99   0.11   0.11 -0.23  -0.15  -0.15 
  0.03  -0.17  -9.52  -0.00   0.00  -0.00  29.16   0.99   0.11   0.11 0.13  -0.14  -0.15 
  0.02  -0.18  -9.51  -0.00  -0.00  -0.00  28.89   0.99   0.11   0.11 0.34  -0.16  -0.17 
 -0.01  -0.16  -9.53  -0.00   0.00   0.00  28.88   0.99   0.11   0.11 -0.65  -0.17  -0.17 
 -0.02  -0.12  -9.52  -0.00   0.00  -0.00  29.24   0.99   0.11   0.11 -0.82  -0.17  -0.15 
 -0.00  -0.14  -9.50  -0.00   0.00   0.00  29.36   0.98   0.11   0.11 -0.35  -0.15  -0.16 
  0.51  -0.01  -9.52  -0.00   0.00  -0.06  29.33   0.98   0.11   0.11 0.00  -0.11  -0.14 
 -1.32  -0.77  -9.58  -0.00  -0.03   0.19  29.03   0.98   0.12   0.12 -0.35  -0.18  -0.16 
  0.04  -0.14  -9.44  -0.00  -0.01  -0.00  29.36   0.98   0.10   0.10 -0.21  -0.35  -0.28 
  1.19   0.34  -9.50  -0.03  -0.04   0.21  29.61   0.99   0.10   0.10 -0.26  -0.28  -0.25 
  0.70   0.17  -9.50  -0.01  -0.01  -0.11  30.65   1.00   0.12   0.12 0.67   0.03   0.00 
  0.15  -0.01 -10.42   0.18   0.01  -0.06  30.40   1.11   0.22   0.22 -0.53   0.19   0.04 
  0.09  -0.25 -11.83   0.20   1.34   0.19  28.12   1.12   1.16   1.16 0.61   0.08  -0.12 
  0.99  -0.35  -8.85   0.02   1.26   0.08  22.21   1.15   1.79   1.79 0.87  -0.13  -0.11 
  1.82  -0.20 -10.20  -0.06   1.48   0.06  15.95   1.08   2.67   2.67 -0.78  -0.28  -0.09 
  2.85  -0.53  -8.52   0.17   0.98   0.03  10.45   1.21   3.26   3.26 -0.74  -0.34  -0.26 
  3.13  -0.69  -8.44  -0.01   1.22   0.05   6.51   1.19   3.87   3.87 0.27  -0.45  -0.33 
  3.91  -0.28  -8.96   0.30   0.77  -0.07   3.12   1.30   4.36   4.36 0.38  -0.54  -0.33 
  4.25  -0.83  -8.47   0.08   1.34   0.02  -0.00   1.44   5.24   5.24 -0.35  -0.55  -0.42 
  4.47  -0.24  -8.03   0.25   1.36   0.03  -3.45   1.48   5.88   5.88 0.35  -0.55  -0.48 
  6.36  -1.35  -7.28   0.42   1.19   0.09  -9.01   1.90   6.53   6.53 -0.76  -0.62  -0.49 
  5.87  -1.02  -6.95   0.16   0.61   0.07 -19.09   2.00   6.83   6.83 0.06  -0.87  -0.68 
  6.61  -1.39  -7.20   0.12   0.56   0.01 -25.68   2.08   7.17   7.17 -0.91  -1.14  -0.91 
  6.53  -1.18  -6.84   0.15   0.58   0.08 -31.87   2.09   7.47   7.47 0.39  -1.27  -0.94 
  6.74  -1.39  -6.58   0.15   0.56   0.01 -40.86   2.20   7.76   7.76 -0.61  -1.31  -1.00 
  7.06  -1.42  -6.21   0.11   0.65   0.01 -50.39   2.25   8.10   8.10 -0.43  -1.34  -1.19 
  7.31  -1.82  -5.11   0.08   0.19   0.11 -58.57   2.33   8.09   8.09 -0.24  -1.46  -1.27 
  7.09  -1.67  -5.73  -0.21  -0.51   0.07 -66.19   2.17   7.53   7.53 -0.59  -1.63  -1.35 
  7.28  -2.10  -6.34  -0.28  -1.97  -0.19 -55.62   2.14   6.75   6.75 -0.80  -1.79  -1.55 
  5.34  -1.25  -6.93  -0.02  -1.33  -0.10 -35.68   2.17   5.82   5.82 -0.15  -1.82  -1.62 
  5.30  -1.39  -8.52   0.12  -1.42   0.01 -25.53   2.21   5.25   5.25 0.57  -1.62  -1.48 
  4.35  -1.53  -8.15   0.09  -0.71   0.06 -21.67   2.28   4.68   4.68 0.07  -1.43  -1.44 
  5.09  -1.63  -8.07  -0.07  -1.05   0.07 -20.03   2.34   4.25   4.25 0.07  -1.44  -1.56 
  3.61  -1.28  -8.07   0.04  -1.10   0.15 -18.06   2.38   3.47   3.47 1.27  -1.50  -1.53 
  3.38  -1.84  -9.39   0.18  -1.40   0.04 -15.88   2.44   2.88   2.88 0.14  -1.51  -1.44 
  2.47  -1.69  -8.52   0.06  -0.99   0.13 -14.04   2.51   2.18   2.18 -0.18  -1.61  -1.58 
  1.72  -1.76  -9.21   0.13  -1.15   0.01 -12.89   2.51   1.56   1.56 0.07  -1.72  -1.69 
  1.61  -2.35  -9.45   0.07  -1.60   0.27 -11.23   2.64   0.74   0.74 0.35  -1.85  -1.65 
 -0.21  -1.72  -8.80   0.03  -1.09   0.12  -9.36   2.67   0.01   0.01 0.11  -2.01  -1.80 
 -0.02  -2.08  -9.42   0.04  -1.24   0.20  -8.41   2.71  -0.57  -0.57 -0.20  -2.02  -1.94 
 -1.32  -1.89  -9.20  -0.07  -1.05   0.13  -7.91   2.74  -1.17  -1.17 -0.89  -1.97  -1.81 
 -1.70  -1.68  -9.38  -0.04  -0.51   0.13  -6.83   2.67  -1.52  -1.52 -0.56  -1.91  -1.82 
 -2.07  -2.00  -9.53  -0.08  -1.27   0.32  -6.02   2.68  -2.22  -2.22 0.79  -1.83  -1.93 
 -3.00  -1.60  -8.53   0.06  -1.07   0.24  -4.90   2.74  -2.97  -2.97 -0.59  -1.81  -1.82 
 -2.92  -2.15  -8.77   0.14  -0.97   0.05  -4.53   2.90  -3.48  -3.48 0.71  -1.82  -1.78 
 -4.30  -1.84  -8.14   0.16  -1.37   0.28  -4.25   2.91  -4.40  -4.40 0.16  -1.90  -1.94 
 -4.65  -1.79  -8.50   0.32  -1.25   0.20  -3.74   3.09  -5.10  -5.10 0.24  -1.92  -1.92 
 -4.79  -2.33  -8.38   0.29  -1.44   0.51  -3.62   3.19  -5.83  -5.83 0.30  -1.94  -1.81 
 -6.44  -2.00  -7.16   0.26  -0.36  -0.06  -3.45   3.39  -6.16  -6.16 -0.04  -2.05  -2.00 
 -6.06  -2.61  -7.33   0.39  -1.05   0.36  -3.63   3.63  -6.57  -6.57 -0.13  -2.19  -2.15 
 -6.67  -2.00  -6.75   0.32  -0.11   0.06  -4.37   3.80  -6.72  -6.72 -0.81  -2.30  -2.07 
 -7.17  -2.67  -6.67   0.26  -0.41   0.16  -4.99   3.93  -6.89  -6.89 -0.18  -2.34  -2.15 
 -6.85  -2.49  -6.55   0.43   0.10  -0.01  -5.19   4.24  -6.74  -6.74 -1.25  -2.42  -2.35 
 -7.02  -2.74  -6.57   0.26   0.19  -0.03  -6.64   4.34  -6.61  -6.61 -1.25  -2.55  -2.37 
 -6.98  -2.77  -6.96   0.29   0.73  -0.17  -7.86   4.61  -6.05  -6.05 -0.46  -2.67  -2.41 
 -6.43  -2.69  -6.61   0.25   0.64  -0.30  -9.78   4.77  -5.63  -5.63 -0.41  -2.74  -2.60 
 -5.98  -3.32  -7.06   0.28   0.87  -0.22 -11.48   4.87  -5.21  -5.21 0.18  -2.84  -2.67 
 -6.03  -2.90  -6.81   0.29   0.73  -0.38 -12.98   5.00  -4.79  -4.79 -0.79  -3.00  -2.73 
 -5.00  -3.24  -6.83   0.07   0.89  -0.25 -14.48   5.01  -4.28  -4.28 0.57  -3.10  -2.91 
 -4.72  -3.48  -7.91   0.22   1.06  -0.52 -15.69   5.24  -3.49  -3.49 -0.32  -3.20  -3.00 
 -3.75  -3.90  -7.64   0.44   1.40  -0.61 -18.37   5.52  -2.68  -2.68 -0.48  -3.43  -3.11 
 -2.89  -4.34  -8.07   0.39   0.73  -0.04 -21.89   5.72  -2.27  -2.27 0.28  -3.79  -3.45 
 -2.02  -4.58  -8.26   0.60   1.21  -0.14 -23.90   6.06  -1.55  -1.55 -0.24  -4.20  -3.74 
 -1.95  -4.31  -8.94   0.43   1.41   0.12 -28.48   6.24  -0.68  -0.68 0.33  -4.46  -3.88 
 -0.41  -4.50  -7.45   0.08   0.63  -0.15 -31.45   6.33  -0.30  -0.30 -0.50  -4.50  -4.03 
 -1.41  -5.06  -8.90   0.11   0.99   0.12 -33.44   6.41   0.25   0.25 0.44  -4.57  -4.23 
  0.09  -5.39  -7.28   0.26   0.61  -0.18 -36.25   6.54   0.58   0.58 0.13  -4.86  -4.48 
 -0.50  -4.84  -8.32   0.11   0.78  -0.04 -38.21   6.56   0.99   0.99 -1.05  -5.13  -4.71 
  1.17  -5.40  -7.90   0.01   0.28  -0.09 -40.93   6.56   1.16   1.16 -0.34  -5.18  -4.79 
  0.32  -5.67  -8.90   0.06   0.56  -0.22 -42.18   6.60   1.57   1.57 -0.53  -5.29  -4.91 
  0.69  -4.86  -7.86   0.07   0.90  -0.30 -43.79   6.67   2.08   2.08 0.18  -5.38  -5.14 
  2.03  -5.53  -8.00   0.07   0.77  -0.20 -46.75   6.72   2.61   2.61 -0.04  -5.31  -5.12 
  1.92  -5.25  -7.58   0.36   0.89  -0.40 -50.00   6.90   3.06   3.06 0.49  -5.28  -5.06 
  2.82  -5.50  -7.44   0.09   0.69  -0.23 -54.33   6.99   3.48   3.48 0.64  -5.34  -5.28 
  2.81  -5.36  -7.62   0.36   0.78  -0.31 -58.33   7.18   3.98   3.98 -0.79  -5.40  -5.35 
  3.60  -5.75  -7.39   0.16   0.64  -0.26 -63.09   7.24   4.36   4.36 -0.52  -5.47  -5.25 
  3.40  -5.44  -7.07   0.32   0.59  -0.02 -66.01   7.41   4.76   4.76 0.18  -5.55  -5.42 
  4.48  -5.90  -6.57   0.06   0.70  -0.21 -69.22   7.50   5.17   5.17 -0.74  -5.62  -5.58 
  4.20  -5.48  -6.23   0.24   0.63  -0.09 -73.21   7.67   5.48   5.48 -1.13  -5.68  -5.48 
  5.42  -5.79  -6.28   0.05   0.58  -0.18 -76.80   7.67   5.79   5.79 -0.25  -5.68  -5.53 
  4.71  -5.45  -5.63   0.05   0.09  -0.06 -79.38   7.67   5.73   5.73 0.00  -5.65  -5.67 
  5.17  -5.37  -5.71  -0.39  -0.46   0.22 -79.07   7.51   5.55   5.55 0.46  -5.56  -5.53 
  4.76  -5.16  -5.78  -0.33  -0.22   0.08 -77.47   7.34   5.31   5.31 0.39  -5.40  -5.39 
  4.38  -5.62  -7.07  -0.32  -0.48   0.21 -76.26   7.12   5.09   5.09 0.51  -5.31  -5.48 
  4.34  -5.05  -6.03  -0.37  -0.56   0.39 -74.01   6.98   4.65   4.65 -0.35  -5.33  -5.46 
  4.10  -5.50  -7.65  -0.42  -0.81   0.40 -70.02   6.70   4.25   4.25 -0.12  -5.32  -5.32 
  3.57  -5.53  -7.21  -0.29  -0.84   0.44 -66.67   6.46   3.68   3.68 0.53  -5.37  -5.39 
  3.21  -5.06  -7.32  -0.57  -0.91   0.31 -61.98   6.23   3.21   3.21 0.71  -5.40  -5.48 
  1.89  -4.32  -7.75  -0.44  -0.86   0.36 -56.12   5.97   2.59   2.59 -0.38  -5.15  -5.21 
  1.85  -4.71  -7.98  -0.46  -1.06   0.58 -50.40   5.76   1.98   1.98 0.13  -4.74  -4.92 
  0.36  -4.34  -8.40  -0.32  -1.21   0.42 -45.00   5.54   1.22   1.22 -0.46  -4.50  -4.92 
  0.40  -4.14  -7.68  -0.50  -1.25   0.59 -39.61   5.37   0.45   0.45 -0.39  -4.37  -4.80 
 -1.22  -4.24  -8.83  -0.28  -1.10   0.23 -34.77   5.24  -0.16  -0.16 0.45  -4.24  -4.48 
 -2.85  -3.49  -8.55  -0.24  -1.00   0.29 -31.02   5.14  -0.76  -0.76 -0.19  -4.07  -4.39 
 -2.06  -3.64  -8.46  -0.42  -1.05   0.50 -27.91   4.99  -1.36  -1.36 -0.05  -3.81  -4.27 
 -2.71  -3.66  -8.85  -0.09  -1.08   0.25 -25.15   4.89  -1.96  -1.96 -0.25  -3.62  -3.93 
 -3.46  -3.44  -8.19  -0.18  -1.01   0.39 -22.93   4.82  -2.56  -2.56 0.57  -3.56  -3.86 
 -3.95  -3.65  -8.82  -0.17  -1.03   0.40 -20.45   4.60  -3.05  -3.05 0.22  -3.54  -3.91 
 -4.19  -2.81  -6.95  -0.18  -1.04   0.26 -18.14   4.53  -3.76  -3.76 0.52  -3.44  -3.64 
 -5.42  -2.71  -7.86  -0.31  -1.05   0.32 -15.87   4.35  -4.38  -4.38 0.59  -3.13  -3.36 
 -5.46  -2.76  -7.74  -0.20  -1.17   0.27 -13.72   4.16  -5.03  -5.03 -0.32  -2.81  -3.27 
 -6.78  -2.11  -6.93  -0.27  -1.01   0.25 -11.65   3.96  -5.68  -5.68 -0.21  -2.59  -3.06 
 -6.72  -2.34  -6.61  -0.18  -1.11   0.19 -10.15   3.82  -6.33  -6.33 -0.37  -2.37  -2.75 
 -7.27  -1.91  -6.20  -0.11  -1.19   0.29  -8.55   3.75  -6.98  -6.98 -0.11  -2.19  -2.62 
 -8.00  -1.93  -5.41  -0.16  -0.84   0.06  -7.06   3.63  -7.49  -7.49 -1.45  -2.04  -2.50 
 -8.11  -1.91  -5.44  -0.05  -0.90   0.19  -6.10   3.59  -7.98  -7.98 -0.85  -1.93  -2.25 
 -8.41  -1.58  -3.95  -0.16  -0.82  -0.04  -5.52   3.45  -8.57  -8.57 0.46  -1.84  -2.13 
 -8.72  -1.54  -4.64  -0.26  -0.99   0.10  -4.97   3.26  -9.15  -9.15 0.10  -1.70  -2.07 
 -9.02  -1.15  -3.51  -0.25  -0.93   0.12  -3.57   3.16  -9.63  -9.63 -0.43  -1.51  -1.81 
 -9.15  -1.31  -3.71  -0.11  -0.54   0.04  -3.21   3.00  -9.96  -9.96 0.92  -1.32  -1.61 
 -9.15  -0.86  -2.41  -0.27  -0.81  -0.04  -1.97   2.81 -10.51 -10.51 0.16  -1.17  -1.56 
 -9.15  -1.50  -2.81  -0.34  -0.71   0.01  -1.75   2.67 -10.85 -10.85 -0.65  -1.11  -1.42 
 -9.50  -0.55  -3.63  -0.11  -0.09  -0.18  -0.95   2.67 -10.63 -10.63 -0.16  -1.09  -1.27 
 -9.31  -1.35  -2.26   0.11   1.04  -0.10  -1.70   2.78 -10.02 -10.02 -0.75  -1.02  -1.25 
 -9.06  -1.49  -3.15   0.30   1.39  -0.21  -1.93   2.99  -9.26  -9.26 0.14  -1.11  -1.25 
 -8.81  -1.60  -4.31   0.35   0.89  -0.27  -2.37   3.14  -8.76  -8.76 -0.05  -1.37  -1.32 
 -8.40  -1.90  -4.55   0.31   1.11  -0.25  -3.50   3.29  -8.16  -8.16 0.36  -1.61  -1.48 
 -8.44  -1.89  -5.23   0.30   1.32  -0.31  -5.10   3.53  -7.28  -7.28 -0.18  -1.80  -1.57 
 -7.39  -2.57  -3.47   0.09   0.91  -0.25  -7.19   3.68  -6.89  -6.89 -0.10  -2.01  -1.70 
 -7.81  -2.48  -6.49   0.23   1.29  -0.24  -8.58   3.84  -6.13  -6.13 -0.60  -2.30  -1.97 
 -7.13  -2.30  -5.83   0.30   0.57  -0.44 -10.12   4.02  -5.78  -5.78 1.02  -2.47  -2.13 
 -6.51  -3.03  -7.16   0.44   1.69  -0.39 -11.75   4.18  -5.01  -5.01 -0.44  -2.54  -2.16 
 -6.31  -3.35  -7.30   0.45   0.93  -0.49 -14.27   4.35  -4.47  -4.47 -0.43  -2.81  -2.44 
 -4.42  -3.89  -6.70   0.16   0.77  -0.25 -16.72   4.57  -3.94  -3.94 -0.05  -3.25  -2.86 
 -5.06  -3.90  -8.95   0.39   1.39  -0.33 -19.08   4.80  -2.94  -2.94 1.29  -3.68  -3.07 
 -3.37  -4.24  -5.29   0.25   0.85  -0.56 -22.04   5.14  -2.37  -2.37 0.34  -3.97  -3.29 
 -4.27  -4.54  -9.34   0.30   1.27  -0.32 -25.47   5.19  -1.62  -1.62 -0.09  -4.21  -3.66 
 -2.57  -4.46  -7.50   0.31   0.50  -0.27 -28.81   5.43  -1.19  -1.19 0.37  -4.41  -3.90 
 -2.42  -4.95  -8.13   0.15   1.03  -0.25 -30.92   5.46  -0.71  -0.71 -0.83  -4.58  -4.02 
 -1.55  -5.07  -8.27   0.22   0.53  -0.35 -33.28   5.60  -0.29  -0.29 0.57  -4.80  -4.32 
 -1.33  -5.12  -8.35   0.18   1.07  -0.39 -35.42   5.72   0.30   0.30 -0.25  -5.01  -4.61 
 -0.56  -5.22  -8.06   0.14   0.76  -0.29 -38.61   5.82   0.81   0.81 -1.20  -5.14  -4.67 
 -0.04  -5.53  -8.13   0.27   1.11  -0.32 -41.21   5.94   1.37   1.37 -0.21  -5.26  -4.83 
  0.32  -5.44  -7.19   0.00   0.76  -0.30 -45.71   6.02   1.85   1.85 -0.10  -5.40  -5.11 
  1.16  -5.69  -8.13   0.24   0.94  -0.29 -48.84   6.09   2.33   2.33 -0.09  -5.51  -5.19 
  1.58  -5.35  -7.15   0.24   0.57  -0.21 -52.06   6.26   2.66   2.66 0.41  -5.56  -5.22 
  1.89  -5.91  -7.76   0.11   0.63  -0.25 -55.66   6.29   3.03   3.03 1.25  -5.58  -5.40 
  2.19  -5.90  -7.61   0.37   0.86  -0.18 -58.73   6.44   3.51   3.51 -1.15  -5.71  -5.53 
  2.54  -5.77  -6.93   0.22   1.04  -0.21 -63.02   6.59   4.14   4.14 -0.45  -5.84  -5.58 
  3.72  -6.22  -6.85   0.28   0.74   0.03 -68.27   6.75   4.62   4.62 0.29  -5.92  -5.69 
  3.31  -5.86  -6.54   0.19   0.89  -0.16 -73.24   6.94   5.19   5.19 -0.50  -6.00  -5.82 
  4.14  -6.19  -6.10   0.29   0.77  -0.01 -77.80   7.10   5.58   5.58 0.09  -6.04  -5.85 
  4.36  -6.20  -5.86   0.28   0.91  -0.29 -81.14   7.30   6.15   6.15 -0.37  -6.09  -5.91 
  4.33  -6.13  -5.44   0.30   0.75   0.05 -85.66   7.39   6.44   6.44 -0.12  -6.16  -6.04 
  5.15  -6.30  -4.96   0.13   0.65  -0.34 -88.82   7.48   6.81   6.81 0.37  -6.20  -6.07 
  5.57  -6.67  -5.19   0.04   0.31  -0.14 -91.79   7.42   6.91   6.91 -0.56  -6.30  -6.11 
  5.16  -6.01  -4.54  -0.16  -0.26  -0.02 -92.10   7.34   6.66   6.66 0.81  -6.40  -6.27 
  5.11  -6.27  -5.09  -0.42  -0.80   0.09 -91.45   7.06   5.97   5.97 -0.34  -6.32  -6.24 
  5.11  -6.16  -5.83  -0.57  -1.85   0.80 -86.87   6.77   4.99   4.99 0.16  -6.21  -6.12 
  3.86  -6.06  -5.73  -0.19  -1.59   0.17 -79.56   6.72   4.03   4.03 0.06  -6.15  -6.20 
  2.64  -5.86  -7.79  -0.15  -1.60   0.49 -72.05   6.56   3.19   3.19 -0.71  -6.07  -6.20 
  1.75  -6.07  -6.96  -0.15  -1.12   0.10 -64.38   6.46   2.51   2.51 -0.74  -5.98  -6.00 
  1.06  -5.90  -7.77  -0.18  -1.05   0.37 -57.70   6.34   1.87   1.87 -0.25  -5.96  -6.03 
  1.08  -5.96  -7.03  -0.16  -1.39   0.48 -53.33   6.23   1.08   1.08 -0.30  -5.95  -6.12 
 -0.06  -5.71  -8.34  -0.35  -0.71   0.28 -49.46   6.10   0.70   0.70 -0.48  -5.91  -5.94 
 -0.47  -5.76  -7.28  -0.15  -0.86   0.18 -45.87   6.01   0.20   0.20 0.37  -5.82  -5.84 
 -0.92  -5.56  -8.14  -0.19  -0.33   0.23 -42.88   5.94   0.00   0.00 0.61  -5.72  -5.91 
 -1.01  -5.57  -7.13   0.01  -0.49   0.16 -41.44   5.88  -0.42  -0.42 0.30  -5.63  -5.78 
 -1.60  -5.56  -7.88  -0.16  -0.57   0.30 -39.49   5.69  -0.78  -0.78 -0.10  -5.56  -5.63 
 -1.42  -5.25  -7.86  -0.12  -0.53   0.26 -36.58   5.60  -1.16  -1.16 -0.07  -5.50  -5.68 
 -2.80  -5.13  -7.50  -0.21  -0.68   0.23 -34.67   5.40  -1.60  -1.60 -0.07  -5.35  -5.57 
 -1.90  -5.07  -7.82  -0.22  -0.80   0.29 -32.01   5.22  -2.12  -2.12 -0.05  -5.19  -5.32 
 -3.91  -4.66  -7.54  -0.30  -0.87   0.34 -29.88   5.08  -2.62  -2.62 -0.14  -5.02  -5.28 
 -3.27  -4.82  -7.43  -0.30  -0.77   0.28 -26.80   4.96  -3.01  -3.01 -1.04  -4.84  -5.20 
 -4.28  -4.27  -7.39  -0.14  -0.41   0.22 -24.85   4.89  -3.27  -3.27 0.54  -4.67  -4.91 
 -4.11  -4.59  -8.53  -0.04   0.16   0.14 -23.63   4.88  -2.94  -2.94 0.23  -4.52  -4.79 
 -4.46  -4.31  -7.76   0.13   1.26  -0.19 -24.27   5.00  -2.14  -2.14 -0.10  -4.43  -4.79 
 -3.22  -4.99  -7.40   0.23   1.41  -0.33 -26.69   5.11  -1.50  -1.50 -0.21  -4.49  -4.67 
 -2.31  -4.73  -8.32   0.26   0.77  -0.23 -29.89   5.29  -0.98  -0.98 -0.11  -4.67  -4.69 
 -2.07  -4.83  -7.66   0.12   0.76  -0.35 -33.11   5.36  -0.62  -0.62 0.06  -4.81  -4.84 
 -1.33  -5.05  -8.45   0.20   0.51  -0.07 -34.76   5.44  -0.28  -0.28 0.57  -4.87  -4.79 
 -1.37  -5.10  -8.05   0.28   0.64  -0.26 -37.00   5.57   0.05   0.05 1.09  -4.97  -4.80 
 -1.17  -5.36  -7.64   0.04   0.26  -0.24 -39.16   5.58   0.15   0.15 -0.48  -5.11  -5.02 
 -0.64  -5.32  -8.11   0.01  -0.12  -0.44 -40.67   5.52   0.05   0.05 -0.37  -5.25  -5.10 
 -0.49  -5.75  -7.21  -0.30  -0.18  -0.83 -39.57   5.44  -0.06  -0.06 0.96  -5.40  -5.11 
 -1.79  -4.58  -8.89   0.01  -0.01  -0.36 -38.66   5.45   0.02   0.02 -0.33  -5.40  -5.25 
 -0.06  -5.11  -7.92   0.01   0.16  -0.19 -38.30   5.48   0.16   0.16 -0.55  -5.15  -5.16 
 -0.42  -5.25  -8.36   0.15   0.18  -0.12 -38.04   5.52   0.25   0.25 1.19  -5.00  -4.97 
 -0.36  -5.12  -8.30   0.07   0.33   0.26 -39.94   5.55   0.40   0.40 -0.64  -5.08  -5.16 
 -0.18  -5.30  -7.86  -0.00   0.22   1.17 -41.22   5.59   0.44   0.44 -0.32  -5.17  -5.27 
 -0.30  -4.69  -7.22   0.27   0.60   1.00 -42.13   5.78   0.64   0.64 -0.23  -5.15  -5.03 
 -0.37  -5.53  -7.84  -0.03   0.01   1.38 -45.95   5.78   0.52   0.52 -0.09  -5.08  -5.05 
 -0.58  -5.93  -8.22  -0.07   0.00   0.63 -47.02   5.69   0.48   0.48 0.52  -5.28  -5.34 
 -0.77  -5.69  -8.30  -0.20  -0.42   0.66 -46.97   5.54   0.20   0.20 0.10  -5.64  -5.44 
 -1.80  -5.11  -8.07   0.00  -0.08   0.28 -45.81   5.55   0.17   0.17 -0.94  -5.70  -5.39 
 -2.07  -5.18  -8.40  -0.14  -0.12   0.40 -45.25   5.45   0.07   0.07 0.92  -5.44  -5.37 
 -2.29  -4.98  -7.87  -0.11  -0.04   0.05 -44.38   5.38   0.01   0.01 0.77  -5.17  -5.28 
 -1.74  -5.49  -8.52  -0.01  -0.08  -0.16 -44.00   5.36   0.06   0.06 0.44  -5.10  -5.21 
 -2.25  -4.45  -7.91   0.05   0.13  -0.49 -42.92   5.38   0.11   0.11 -0.37  -5.08  -5.23 
 -1.04  -5.95  -8.51  -0.01  -0.08  -0.87 -43.52   5.34   0.10   0.10 -0.06  -5.08  -5.18 
 -1.73  -4.40  -8.41   0.18   0.21  -0.89 -41.99   5.40   0.27   0.27 0.32  -5.15  -5.15 
 -0.24  -5.47  -7.94  -0.32   0.00  -0.77 -42.36   5.21   0.29   0.29 -0.26  -5.11  -5.17 
 -2.02  -4.28  -8.74   0.11   0.40  -0.58 -40.84   5.19   0.54   0.54 0.22  -4.97  -5.06 
 -0.60  -4.93  -7.74   0.07   0.18  -0.35 -41.15   5.28   0.69   0.69 -0.19  -4.79  -4.91 
 -0.12  -5.20  -8.36   0.06   0.38  -0.30 -41.78   5.31   0.92   0.92 -0.10  -4.78  -4.94 
  0.54  -5.19  -7.82   0.04   0.28  -0.43 -43.29   5.36   1.12   1.12 0.21  -5.00  -5.07 
  0.00  -5.08  -8.48   0.02   0.41  -0.22 -43.98   5.39   1.41   1.41 0.19  -5.16  -5.07 
  0.94  -5.42  -7.76   0.12   0.18  -0.16 -45.25   5.45   1.48   1.48 -0.07  -5.22  -5.06 
  0.02  -4.90  -7.22  -0.17  -0.48  -0.01 -45.62   5.41   0.97   0.97 0.02  -5.22  -5.15 
  0.64  -5.54  -8.48  -0.21  -0.94   0.44 -44.04   5.30   0.53   0.53 -0.24  -5.20  -5.17 
 -1.56  -4.70  -7.53   0.01  -1.01   0.03 -40.54   5.31  -0.08  -0.08 0.16  -5.17  -5.10 
 -0.17  -5.61  -8.33  -0.09  -0.87   0.38 -37.18   5.25  -0.56  -0.56 -0.06  -5.14  -5.14 
 -2.20  -4.53  -8.34   0.10  -0.62   0.11 -34.66   5.31  -0.87  -0.87 0.12  -5.11  -5.17 
 -1.40  -4.95  -7.26  -0.12  -0.62   0.18 -33.85   5.29  -1.29  -1.29 -0.46  -4.97  -5.02 
 -2.09  -5.12  -8.50  -0.06  -0.60   0.33 -32.13   5.26  -1.54  -1.54 -0.02  -4.88  -4.95 
 -2.42  -4.49  -8.52  -0.02   0.21   0.04 -31.20   5.30  -1.26  -1.26 0.13  -4.89  -5.03 
 -2.20  -5.50  -8.08   0.08   0.95   0.10 -31.13   5.35  -0.71  -0.71 -0.33  -4.90  -4.98 
 -2.06  -4.79  -7.50   0.08   0.83  -0.13 -33.20   5.46  -0.32  -0.32 -0.28  -5.01  -4.94 
 -1.08  -5.15  -7.87  -0.01   0.36  -0.03 -36.10   5.47  -0.15  -0.15 -0.05  -5.07  -5.07 
 -1.29  -4.83  -7.71   0.01   0.07  -0.01 -37.00   5.47  -0.26  -0.26 -0.22  -5.02  -5.03 
 -1.31  -5.16  -7.95   0.08  -0.74   0.03 -36.82   5.48  -0.71  -0.71 -0.80  -4.99  -4.91 
 -1.64  -4.88  -7.70   0.01  -0.82   0.15 -35.12   5.51  -1.21  -1.21 0.32  -4.99  -5.03 
 -1.81  -5.97  -9.31   0.08  -0.23  -0.01 -33.56   5.46  -1.20  -1.20 0.12  -5.14  -5.14 
 -2.14  -4.93  -7.98   0.06   0.42  -0.10 -33.22   5.53  -0.87  -0.87 0.23  -5.37  -5.17 
 -1.75  -5.42  -7.96   0.11   0.92  -0.22 -34.36   5.58  -0.41  -0.41 -0.45  -5.38  -5.23 
 -1.51  -5.18  -7.45   0.05   0.23  -0.01 -36.87   5.60  -0.39  -0.39 -0.12  -5.29  -5.23 
 -1.46  -5.28  -7.64  -0.09  -0.32   0.11 -37.48   5.54  -0.67  -0.67 0.14  -5.26  -5.20 
 -1.83  -5.20  -7.62  -0.00  -0.92   0.09 -35.92   5.57  -1.19  -1.19 0.15  -5.24  -5.24 
 -2.18  -5.37  -7.82  -0.08  -0.53   0.01 -34.29   5.56  -1.51  -1.51 -0.17  -5.25  -5.26 
 -2.76  -5.01  -7.63   0.12  -0.77   0.13 -32.68   5.66  -1.94  -1.94 -0.25  -5.24  -5.22 
 -2.32  -4.83  -7.26  -0.18  -1.06   0.15 -31.30   5.60  -2.62  -2.62 0.68  -5.12  -5.17 
 -3.73  -5.17  -8.20  -0.01  -1.18   0.24 -29.05   5.57  -3.17  -3.17 0.17  -4.99  -5.09 
 -4.06  -4.81  -5.90  -0.14  -1.06   0.19 -26.38   5.57  -3.85  -3.85 0.64  -4.96  -5.07 
 -4.54  -4.80  -7.24  -0.04  -0.70   0.16 -24.29   5.56  -4.18  -4.18 -0.87  -4.91  -5.04 
 -5.03  -4.70  -7.54   0.02   0.02   0.03 -23.12   5.56  -3.99  -3.99 -0.18  -4.82  -4.92 
 -4.68  -4.93  -6.73   0.00   0.80  -0.05 -23.44   5.61  -3.51  -3.51 0.42  -4.77  -4.87 
 -4.09  -4.73  -6.88   0.12   0.84  -0.05 -24.73   5.71  -2.99  -2.99 0.68  -4.80  -4.92 
 -3.21  -4.63  -9.06   0.26   1.84   0.15 -26.68   5.85  -1.78  -1.78 -0.58  -4.78  -4.85 
 -2.99  -5.02  -7.00   0.50   1.38  -0.37 -30.77   6.16  -0.93  -0.93 -0.23  -4.76  -4.77 
 -1.83  -6.06  -7.83   0.21   1.87   0.04 -35.27   6.12  -0.04  -0.04 0.01  -5.02  -4.97 
 -1.27  -4.33  -8.12  -0.01   1.12  -0.05 -40.07   6.18   0.72   0.72 -0.40  -5.31  -5.20 
 -0.44  -6.11  -7.40  -0.31   1.26  -0.06 -43.81   5.91   1.31   1.31 -0.37  -5.31  -5.07 
  0.33  -5.61  -8.01  -0.16   0.54   0.02 -46.92   5.71   1.50   1.50 0.33  -5.46  -5.15 
 -0.86  -4.94  -5.70  -0.62  -0.72  -0.17 -47.73   5.38   0.74   0.74 0.12  -5.56  -5.50 
 -0.22  -5.59 -10.15  -0.41  -1.18   0.05 -42.53   4.99   0.14   0.14 -0.78  -5.40  -5.30 
 -1.01  -3.85  -8.07  -0.47  -1.35  -0.05 -36.21   4.79  -0.46  -0.46 0.69  -5.10  -4.99 
 -1.30  -4.89  -9.00   0.02  -0.05  -0.04 -30.07   4.71  -0.47  -0.47 -0.14  -4.68  -5.05 
 -2.32  -4.09  -8.55  -0.30  -0.45   0.02 -28.11   4.60  -0.60  -0.60 0.77  -4.42  -4.86 
 -1.40  -4.23  -7.73  -0.52  -0.18   0.04 -24.63   4.41  -0.73  -0.73 -0.65  -4.30  -4.52 
 -2.15  -3.83  -8.32  -0.40  -0.11  -0.03 -21.41   4.22  -0.80  -0.80 0.32  -4.14  -4.51 
 -2.14  -3.80  -8.62  -0.33   0.24  -0.16 -18.62   4.03  -0.68  -0.68 0.73  -3.96  -4.40 
 -1.56  -3.70  -9.08  -0.29   0.26  -0.03 -17.08   3.90  -0.52  -0.52 0.39  -3.81  -4.05 
 -1.81  -3.31  -8.09  -0.33   0.20  -0.08 -15.74   3.68  -0.38  -0.38 -0.78  -3.66  -3.97 
 -0.82  -3.36  -9.17  -0.40   0.21  -0.03 -13.13   3.42  -0.26  -0.26 0.21  -3.47  -3.92 
 -1.41  -2.46  -8.36  -0.76   0.60  -0.05  -9.09   2.90   0.08   0.08 -0.85  -3.20  -3.53 
 -0.33  -2.70  -9.51  -0.87   0.56  -0.08  -4.43   2.37   0.27   0.27 -0.29  -2.84  -3.24 
 -0.90  -1.77  -9.53  -0.69  -0.05   0.15   4.01   1.98   0.28   0.28 0.19  -2.48  -3.11 
 -0.53  -1.57  -8.76  -0.83   0.03  -0.07  11.23   1.49   0.26   0.26 -0.35  -2.06  -2.70 
 -0.64  -1.14 -10.57  -0.50   0.64   0.17  17.96   1.32   0.44   0.44 0.32  -1.61  -2.21 
 -0.48  -0.73  -9.59  -0.28  -0.09  -0.09  20.52   1.22   0.41   0.41 0.19  -1.21  -1.99 
 -0.25  -0.45  -9.43  -0.13   0.26   0.14  21.96   1.11   0.60   0.60 0.48  -0.83  -1.66 
 -0.50  -0.62  -9.53  -0.18   0.57   0.07  22.12   1.04   0.90   0.90 0.57  -0.57  -1.19 
  0.08  -0.42  -9.49   0.05   0.02   0.01  22.89   1.09   0.96   0.96 -0.01  -0.48  -1.09 
  0.06  -0.49  -9.57   0.10  -0.01   0.18  23.57   1.16   0.92   0.92 0.27  -0.47  -1.03 
 -0.34  -0.53  -9.45   0.11  -0.49   0.01  22.08   1.23   0.61   0.61 -0.18  -0.47  -0.74 
 -0.32  -0.77  -9.42   0.13  -0.57  -0.01  21.67   1.23   0.46   0.46 -0.78  -0.54  -0.70 
 -0.54  -0.61  -9.52  -0.14   0.36  -0.02  20.52   1.15   0.71   0.71 0.04  -0.64  -0.86 
 -0.25  -0.54  -9.52  -0.16   0.43  -0.04  22.68   1.07   0.98   0.98 -0.22  -0.66  -0.70 
  0.14  -0.52  -9.54  -0.09   0.05  -0.01  24.30   1.03   0.98   0.98 0.38  -0.60  -0.55 
  0.30  -0.31  -9.49  -0.20  -0.01   0.07  25.30   0.67   0.90   0.90 -0.28  -0.50  -0.67 
 -0.16  -0.13  -9.64  -0.18   0.06   0.12  26.04   0.60   0.90   0.90 -0.10  -0.36  -0.56 
  0.03  -0.26  -9.51   0.00  -0.01   0.05  26.41   0.60   0.90   0.90 -0.45  -0.23  -0.30 
  0.15  -0.12  -9.57   0.00   0.01   0.12  26.04   0.60   0.90   0.90 -0.73  -0.17  -0.37 
 -0.01  -0.19  -9.54  -0.00   0.00   0.02  27.20   0.60   0.91   0.91 0.09  -0.16  -0.40 
  0.03  -0.18  -9.50  -0.00   0.00  -0.00  26.70   0.60   0.91   0.91 -0.30  -0.16  -0.18 
  0.04  -0.16  -9.50  -0.01  -0.01  -0.00  27.04   0.60   0.91   0.91 -0.53  -0.18  -0.21 
 -0.28   0.02  -9.58  -0.01  -0.02   0.02  26.43   0.60   0.94   0.94 -0.25  -0.14  -0.31 
  0.15  -0.17  -9.26  -0.00   0.00  -0.02  27.35   0.58   0.87   0.87 -0.02  -0.09  -0.12 
  0.14  -0.06  -9.41   0.00   0.01  -0.00  27.22   0.58   0.87   0.87 0.10  -0.08  -0.06 
 -0.01  -0.13  -9.60   0.00  -0.01  -0.00  27.20   0.58   0.87   0.87 0.15  -0.09  -0.24 

