 -0.81   1.47  -9.83  -0.00   0.00   0.00 -19.98  -8.38  -4.59  -4.59 -0.17 
 -0.80   1.45  -9.87  -0.00   0.00   0.00 -21.05  -8.38  -4.59  -4.59 0.07 
 -0.79   1.49  -9.86   0.00   0.00   0.00 -22.23  -8.38  -4.59  -4.59 0.02 
 -0.79   1.46  -9.85  -0.00   0.00   0.00 -20.48  -8.38  -4.59  -4.59 -0.01 
 -0.80   1.47  -9.84  -0.00   0.00   0.00 -22.88  -8.38  -4.59  -4.59 0.30 
 -0.80   1.44  -9.83  -0.00   0.00   0.00 -20.30  -8.38  -4.59  -4.59 -0.02 
 -0.79   1.45  -9.85  -0.00   0.00   0.00 -20.55  -8.38  -4.59  -4.59 -0.02 
 -0.80   1.47  -9.82  -0.00   0.00   0.00 -24.12  -8.38  -4.59  -4.59 0.06 
 -0.80   1.47  -9.85   0.00   0.00   0.00 -20.31  -8.38  -4.59  -4.59 -0.23 
 -0.80   1.45  -9.86  -0.00   0.00   0.00 -22.10  -8.38  -4.59  -4.59 -0.08 
 -0.80   1.45  -9.81  -0.00   0.00   0.00 -22.01  -8.38  -4.59  -4.59 -0.11 
 -0.79   1.45  -9.84  -0.00   0.00   0.00 -20.47  -8.38  -4.59  -4.59 0.48 
 -0.79   1.44  -9.84  -0.00   0.00  -0.00 -22.68  -8.38  -4.59  -4.59 0.15 
 -0.79   1.45  -9.84  -0.00   0.00   0.00 -20.35  -8.38  -4.59  -4.59 -0.18 
 -0.80   1.44  -9.85  -0.00  -0.00   0.00 -20.85  -8.38  -4.59  -4.59 0.01 
 -0.79   1.46  -9.82  -0.00   0.00  -0.00 -22.03  -8.38  -4.59  -4.59 -0.19 
 -0.81   1.47  -9.81  -0.00   0.00   0.00 -20.37  -8.38  -4.59  -4.59 0.06 
 -0.80   1.45  -9.87  -0.00   0.00  -0.00 -22.53  -8.38  -4.58  -4.58 0.01 
 -0.79   1.44  -9.84  -0.00   0.00   0.00 -20.39  -8.38  -4.58  -4.58 0.23 
 -0.82   1.45  -9.84  -0.00   0.00   0.00 -20.17  -8.39  -4.58  -4.58 0.28 
 -0.79   1.46  -9.85  -0.00   0.00   0.00 -23.81  -8.39  -4.58  -4.58 0.12 
 -0.80   1.45  -9.84  -0.00   0.00   0.00 -20.27  -8.39  -4.58  -4.58 -0.33 
 -0.79   1.45  -9.83  -0.00   0.00   0.00 -21.72  -8.39  -4.58  -4.58 0.14 
 -0.80   1.45  -9.85  -0.00   0.00   0.00 -21.11  -8.39  -4.58  -4.58 -0.06 
 -0.80   1.45  -9.82  -0.00   0.00  -0.00 -20.28  -8.39  -4.58  -4.58 0.05 
 -0.79   1.45  -9.86  -0.00   0.00  -0.00 -23.11  -8.39  -4.58  -4.58 -0.10 
 -0.79   1.46  -9.84  -0.00   0.00  -0.00 -20.39  -8.39  -4.58  -4.58 0.01 
 -0.80   1.45  -9.85  -0.00   0.00   0.00 -21.24  -8.39  -4.58  -4.58 0.15 
 -0.79   1.46  -9.81   0.01  -0.02  -0.00 -22.68  -8.39  -4.59  -4.59 -0.10 
 -0.81   1.44  -9.85   0.00  -0.01  -0.00 -20.33  -8.39  -4.59  -4.59 -0.07 
 -0.82   1.46  -9.84  -0.01   0.01   0.00 -23.17  -8.40  -4.57  -4.57 -0.17 
 -0.82   1.45  -9.86  -0.00   0.00  -0.00 -20.30  -8.40  -4.57  -4.57 0.17 
 -0.80   1.44  -9.83  -0.00   0.01   0.00 -20.17  -8.40  -4.57  -4.57 -0.48 
 -0.79   1.47  -9.84  -0.00   0.00   0.00 -24.09  -8.40  -4.57  -4.57 0.21 
 -0.81   1.45  -9.84  -0.00  -0.00   0.00 -20.21  -8.40  -4.57  -4.57 -0.15 
 -0.64   1.55  -9.75  -0.00   0.02   0.00 -21.91  -8.56  -4.34  -4.34 0.17 
 -0.87   1.24  -9.89   0.09  -0.10  -0.06 -21.69  -8.45  -4.43  -4.43 0.01 
 -0.70   1.01 -10.28   0.07  -0.21  -0.21 -22.50  -8.67  -4.20  -4.20 0.11 
 -0.72   1.33 -10.74  -0.53  -0.42  -0.10 -26.33  -9.27  -4.41  -4.41 0.00 
 -3.64   2.86 -11.36   1.28   0.38  -0.33 -23.13  -8.66  -4.47  -4.47 0.01 
 -0.65   1.04 -11.40   1.14   0.28  -0.60 -27.83  -7.81  -4.11  -4.11 -0.10 
 -0.85   1.44 -12.41   2.41   1.63  -0.49 -42.53  -6.15  -2.98  -2.98 -0.27 
  0.00  -0.93 -10.54   4.10   3.43  -0.69 -61.35  -3.71  -0.92  -0.92 0.13 
  3.10  -4.20  -8.75   3.06   2.96  -0.06 -73.39  -1.58   0.93   0.93 0.07 
  3.26  -4.08  -4.73   3.63   4.49  -0.17 -85.51   0.10   3.52   3.52 -0.16 
  5.28  -6.12  -1.34   0.83   3.16   0.29 -94.49   0.60   5.29   5.29 0.29 
  6.24  -6.40  -1.05   0.26   2.39   0.27 -95.71   0.60   6.46   6.46 -0.23 
  5.99  -7.16  -1.52  -0.58  -0.54   0.24 -102.21   0.26   5.59   5.59 0.01 
  6.03  -7.11  -2.17  -0.87  -3.22   0.29 -99.40  -0.29   3.47   3.47 -0.03 
  5.31  -6.73  -5.14  -0.56  -4.51   0.56 -92.23  -0.68   0.98   0.98 0.13 
  2.88  -7.41  -7.11  -0.26  -3.52   0.76 -85.40  -0.80  -1.03  -1.03 0.14 
  0.88  -6.08  -7.00  -0.87  -3.92   0.84 -76.45  -1.41  -3.21  -3.21 0.09 
 -0.89  -6.58  -7.82  -0.54  -3.30   0.99 -71.02  -1.73  -5.00  -5.00 0.10 
 -3.34  -6.34  -8.41  -0.15  -2.40   0.89 -66.19  -1.86  -6.20  -6.20 -0.07 
 -3.89  -6.18  -6.73   0.02  -2.00   0.65 -62.45  -1.93  -7.38  -7.38 -0.18 
 -5.14  -5.68  -6.17  -0.20  -1.65   0.48 -61.71  -2.10  -8.26  -8.26 -0.05 
 -5.18  -5.58  -6.04  -0.09  -0.96   0.46 -60.03  -2.21  -8.71  -8.71 -0.12 
 -5.05  -5.25  -6.32  -0.07  -0.20   0.42 -59.86  -2.36  -8.74  -8.74 0.13 
 -6.25  -5.04  -8.09  -0.02   1.22  -0.08 -59.69  -2.32  -7.63  -7.63 0.21 
 -4.69  -5.11  -7.21  -0.22   3.38  -0.72 -58.19  -2.38  -5.79  -5.79 0.16 
 -2.83  -5.65  -7.88   0.02   2.69  -0.08 -60.25  -2.21  -4.15  -4.15 0.27 
 -1.66  -5.77  -8.67   0.56   3.44  -0.35 -60.72  -1.82  -2.12  -2.12 -0.12 
 -1.06  -5.95  -9.71   0.44   3.51  -0.41 -63.53  -1.58   0.01   0.01 -0.14 
  1.29  -6.40  -7.78  -0.11   3.51  -0.43 -69.93  -1.40   2.23   2.23 0.18 
  3.06  -6.12  -7.40   0.81   3.38  -0.61 -75.49  -0.98   4.28   4.28 -0.18 
  5.73  -6.39  -5.41   0.14   2.52  -0.73 -90.02  -0.95   5.70   5.70 0.10 
  5.91  -5.32  -5.80   0.26   3.09  -0.58 -96.95  -0.74   7.51   7.51 -0.16 
  6.33  -5.52  -3.13   0.21   1.98  -0.27 -100.70  -0.50   8.66   8.66 -0.05 
  8.04  -5.55  -1.29   0.10   1.46  -0.36 -111.71  -0.40   9.10   9.10 0.01 
  7.81  -5.34  -2.96   0.41  -0.16   0.16 -111.51  -0.10   9.11   9.11 0.10 
  7.32  -5.22   0.22  -0.30  -1.90  -0.01 -111.66  -0.26   7.69   7.69 -0.16 
  7.54  -5.71  -3.15   0.38  -2.73   0.27 -109.12  -0.03   6.09   6.09 0.12 
  6.04  -5.97  -5.45   0.15  -3.37   0.75 -99.11   0.14   4.23   4.23 0.25 
  4.62  -6.29  -5.05   0.29  -3.20   0.30 -93.51   0.20   2.49   2.49 0.02 
  2.95  -7.07  -6.63   0.17  -2.61   0.43 -85.07   0.28   0.70   0.70 -0.03 
  3.97  -6.98  -9.29  -0.55  -2.38   0.70 -77.81   0.14  -0.36  -0.36 0.09 
  1.18  -6.17  -7.08   0.18  -2.99   0.33 -74.23   0.01  -2.02  -2.02 0.09 
 -1.28  -6.59  -7.44   0.14  -1.55   0.35 -68.55   0.10  -3.08  -3.08 0.02 
 -1.68  -6.72  -7.38   0.01  -1.90  -0.27 -68.03   0.11  -4.02  -4.02 -0.04 
 -2.71  -6.52  -6.64   0.37  -1.20  -0.47 -67.81   0.25  -4.85  -4.85 0.01 
 -1.61  -6.38  -7.88  -0.57  -1.39  -0.91 -68.61   0.04  -5.44  -5.44 0.15 
 -1.26  -6.55  -6.75  -0.21  -0.50  -0.56 -72.10  -0.19  -5.86  -5.86 -0.17 
 -0.18  -6.31  -6.46  -0.88  -1.05   0.18 -72.76  -0.83  -6.60  -6.60 0.06 
 -1.57  -5.84  -8.62  -0.49  -0.86   0.93 -72.48  -1.29  -7.15  -7.15 -0.17 
 -3.96  -5.03  -9.57  -0.32  -1.01   1.09 -71.99  -1.45  -7.55  -7.55 0.26 
 -5.36  -4.69  -8.38   0.17   0.15   0.99 -68.48  -1.35  -7.18  -7.18 -0.04 
 -6.56  -4.62  -7.35   0.08   1.28   0.30 -67.66  -1.33  -6.29  -6.29 0.24 
 -2.33  -4.86  -9.14   0.42   3.37   0.37 -65.58  -1.10  -4.11  -4.11 0.00 
 -3.77  -4.75  -9.76   0.38   2.81   0.14 -63.73  -0.54  -2.70  -2.70 -0.34 
  0.57  -5.66  -8.88   1.61   3.21   0.29 -65.34   0.28  -0.60  -0.60 0.15 
  0.66  -6.14  -7.79   1.06   2.82   0.13 -66.14   1.14   0.65   0.65 0.17 
  1.90  -6.65  -5.68   1.58   2.63   0.26 -72.91   1.82   2.19   2.19 0.21 
  3.33  -7.48  -5.92   1.09   2.55  -0.06 -77.21   2.46   3.54   3.54 -0.43 
  3.52  -8.00  -3.85   0.88   2.41  -0.18 -80.87   2.87   4.88   4.88 0.03 
  5.03  -7.94  -3.01   1.05   1.87  -0.65 -89.76   3.61   5.94   5.94 -0.11 
  5.21  -7.83  -1.64   0.34   1.57  -0.60 -93.53   3.71   6.72   6.72 -0.26 
  6.05  -7.02  -2.07   0.32   1.01  -0.50 -98.12   3.87   7.21   7.21 -0.28 
  5.70  -7.56  -0.38   0.25   0.16  -0.27 -102.03   3.89   7.15   7.15 0.20 
  6.95  -7.39  -1.79   0.29  -0.31  -0.15 -98.83   4.05   6.89   6.89 -0.28 
  5.61  -7.42  -0.03  -0.10  -1.16  -0.23 -102.25   3.75   5.90   5.90 -0.07 
  7.00  -7.32  -3.56  -0.42  -2.38  -0.17 -99.62   3.54   4.46   4.46 0.33 
  4.52  -6.37  -2.61  -1.32  -3.66   0.08 -94.16   2.78   2.58   2.58 0.18 
  4.70  -6.77  -5.61  -0.79  -3.37   0.07 -89.80   2.33   0.49   0.49 -0.06 
  2.53  -6.16  -8.80  -0.71  -3.23   0.28 -81.16   2.19  -1.02  -1.02 -0.04 
  2.07  -6.59  -7.65  -0.07  -2.30   0.22 -76.28   2.07  -2.47  -2.47 0.02 
  1.15  -6.11  -9.05  -0.51  -2.26   0.54 -73.25   1.81  -3.93  -3.93 0.49 
 -1.51  -5.87  -7.94  -0.24  -3.40   0.84 -68.08   1.57  -5.72  -5.72 0.19 
 -3.55  -5.63  -8.98  -0.02  -2.43   1.07 -64.98   1.41  -6.93  -6.93 0.19 
 -3.65  -5.60  -6.89  -0.36  -1.25   0.58 -61.35   1.04  -7.53  -7.53 -0.27 
 -4.01  -5.23  -7.97  -0.30   0.40   0.52 -59.37   0.83  -7.07  -7.07 0.11 
 -4.62  -5.22  -7.86   0.22   1.32   0.13 -57.83   0.80  -6.37  -6.37 -0.08 
 -3.72  -5.16  -7.59   0.02   1.20  -0.03 -55.78   0.79  -5.76  -5.76 0.03 
 -3.04  -5.07  -8.66  -0.14   0.10  -0.18 -56.38   0.85  -5.60  -5.60 -0.04 
 -3.22  -5.44  -9.11   0.50   1.33  -0.21 -56.32   1.21  -4.76  -4.76 -0.01 
 -2.15  -5.36  -7.43   0.65   0.95  -0.09 -57.31   1.56  -4.23  -4.23 -0.13 
 -1.88  -5.76  -9.38   0.91   2.04   0.02 -59.16   2.14  -2.72  -2.72 0.22 
 -1.11  -6.14  -7.85   1.01   3.00  -0.16 -61.27   2.81  -0.99  -0.99 0.16 
  0.59  -6.31  -7.00   1.28   3.27  -0.25 -70.16   3.42   0.87   0.87 0.03 
  1.62  -6.83  -4.91   0.53   1.91  -0.15 -76.60   3.61   1.64   1.64 0.32 
  3.03  -7.30  -6.41   0.10   0.71  -0.09 -80.06   3.72   2.09   2.09 0.04 
  2.73  -7.38  -4.74   0.30   0.36  -0.13 -84.25   3.81   1.98   1.98 0.17 
  2.82  -7.28  -5.44  -0.23  -1.80  -0.16 -83.30   3.70   0.86   0.86 -0.13 
  1.95  -7.08  -5.08  -0.27  -2.87   0.01 -79.48   3.49  -0.99  -0.99 0.09 
  1.27  -7.29  -7.09  -0.33  -3.45   0.17 -75.52   3.28  -2.96  -2.96 -0.10 
 -0.41  -6.97  -7.32  -0.55  -2.95   0.34 -68.99   2.99  -4.62  -4.62 0.12 
 -1.98  -6.61  -6.44  -0.38  -2.17   0.36 -65.40   2.72  -6.11  -6.11 0.11 
 -2.82  -6.72  -8.13  -0.09  -2.44   0.61 -62.22   2.63  -7.33  -7.33 0.26 
 -4.88  -6.02  -6.69  -0.27  -2.40   0.51 -59.93   2.51  -8.56  -8.56 -0.14 
 -4.74  -6.39  -6.14   0.08  -0.71   0.35 -59.56   2.50  -8.80  -8.80 0.10 
 -5.24  -6.87  -8.08   0.31   1.17  -0.14 -57.93   2.86  -7.55  -7.55 0.18 
 -4.73  -6.17  -5.68   1.22   4.10  -0.95 -59.02   3.36  -5.31  -5.31 0.22 
 -2.70  -7.00  -7.68   0.50   3.44  -0.87 -61.34   3.84  -3.10  -3.10 0.01 
 -0.69  -6.99  -6.39   0.65   3.48  -0.79 -65.07   4.13  -1.19  -1.19 -0.02 
  0.91  -7.58  -7.10   0.56   3.23  -0.72 -73.08   4.55   0.77   0.77 -0.18 
  2.87  -7.56  -4.60   0.48   3.09  -0.68 -79.04   4.72   2.56   2.56 -0.01 
  4.14  -7.77  -5.11   0.52   2.95  -0.48 -86.31   5.02   4.30   4.30 -0.06 
  4.35  -7.52   0.56   0.10   0.67  -0.22 -93.46   4.90   3.84   3.84 -0.02 
  5.14  -7.62  -3.82  -0.41  -2.47   0.32 -91.03   4.66   2.09   2.09 0.00 
  2.26  -7.49  -5.38  -0.84  -4.62   0.86 -87.44   4.23  -0.58  -0.58 0.14 
  1.56  -7.52  -6.60  -0.48  -4.02   1.07 -77.58   3.88  -2.88  -2.88 0.09 
 -0.86  -7.48  -7.50  -0.47  -2.75   0.72 -68.31   3.67  -4.19  -4.19 0.31 
 -2.62  -6.82  -6.45  -0.42  -2.57   0.65 -64.32   3.41  -5.69  -5.69 -0.03 
 -3.53  -6.92  -7.15  -0.20  -2.17   0.64 -60.09   3.32  -7.00  -7.00 0.06 
 -4.68  -6.57  -6.77  -0.16  -2.56   0.73 -58.45   3.25  -8.15  -8.15 -0.25 
 -5.63  -6.37  -5.03   0.04  -1.13   0.45 -57.48   3.19  -8.88  -8.88 0.19 
 -5.90  -6.46  -5.88  -0.06  -1.13   0.47 -56.03   3.18  -9.34  -9.34 -0.04 
 -5.75  -6.83  -6.21   0.39   0.79  -0.21 -56.49   3.54  -8.57  -8.57 0.16 
 -5.65  -6.73  -6.14   0.76   2.86  -1.03 -55.87   4.03  -6.68  -6.68 0.00 
 -4.03  -7.05  -6.27   0.71   4.36  -1.49 -57.49   4.55  -4.11  -4.11 0.01 
 -2.52  -7.33  -6.51   0.37   3.97  -1.26 -62.57   4.78  -2.03  -2.03 0.20 
 -0.16  -7.70  -5.59   0.33   2.44  -0.81 -65.98   4.94  -0.71  -0.71 -0.13 
  1.77  -7.86  -5.83   0.30   1.31  -0.57 -73.75   5.13  -0.15  -0.15 0.05 
  2.63  -7.86  -4.98   0.04   0.08  -0.15 -76.29   5.11  -0.18  -0.18 -0.22 
  2.28  -7.95  -5.96  -0.08  -0.32   0.05 -75.82   5.07  -0.27  -0.27 -0.01 
  1.91  -7.82  -5.52  -0.02  -0.12   0.03 -77.12   5.03  -0.42  -0.42 0.05 
  1.98  -7.94  -6.17  -0.06  -0.20   0.05 -74.79   5.03  -0.40  -0.40 -0.03 
  1.80  -7.91  -6.08   0.26   0.75  -0.14 -76.58   5.14   0.02   0.02 0.16 
  2.16  -7.87  -5.79   0.03   0.34  -0.08 -77.56   5.17   0.21   0.21 -0.01 
  2.12  -7.81  -5.62   0.15   0.49  -0.12 -76.53   5.23   0.45   0.45 0.15 
  2.48  -7.73  -4.81  -0.01  -0.21  -0.02 -79.59   5.18   0.26   0.26 0.18 
  2.60  -7.99  -5.72  -0.01  -0.21   0.02 -78.34   5.16   0.12   0.12 0.27 
  2.18  -7.91  -4.97  -0.14  -0.67   0.11 -77.88   5.05  -0.35  -0.35 0.28 
  1.83  -8.03  -6.42  -0.18  -1.04   0.17 -77.33   4.98  -0.96  -0.96 -0.23 
  1.17  -7.81  -5.99  -0.20  -1.33   0.30 -73.61   4.85  -1.78  -1.78 -0.03 
  0.80  -7.86  -6.78  -0.11  -1.22   0.30 -72.88   4.79  -2.46  -2.46 -0.11 
 -0.09  -7.63  -6.31  -0.25  -1.27   0.36 -70.24   4.63  -3.16  -3.16 0.26 
 -0.78  -7.38  -5.94  -0.13  -1.24   0.31 -67.60   4.50  -3.95  -3.95 0.09 
 -1.10  -7.64  -6.69  -0.28  -1.12   0.32 -66.69   4.35  -4.49  -4.49 0.03 
 -1.86  -7.29  -6.25  -0.15  -0.62   0.18 -63.97   4.20  -4.86  -4.86 -0.01 
 -1.91  -7.55  -7.25  -0.09  -0.23   0.07 -63.84   4.17  -4.93  -4.93 -0.10 
 -2.03  -7.46  -7.08  -0.02   0.05   0.01 -63.44   4.19  -4.86  -4.86 -0.03 
 -1.99  -7.41  -6.93   0.14   0.24  -0.08 -63.05   4.29  -4.68  -4.68 0.00 
 -1.83  -7.36  -6.24   0.08   0.28  -0.07 -64.56   4.33  -4.51  -4.51 -0.04 
 -1.84  -7.35  -6.56   0.18   0.44  -0.15 -64.22   4.42  -4.34  -4.34 0.35 
 -1.52  -7.39  -6.31  -0.19  -0.19   0.01 -64.45   4.32  -4.46  -4.46 0.05 
 -1.59  -7.27  -6.31  -0.15  -0.42   0.05 -65.20   4.19  -4.74  -4.74 0.19 
 -1.49  -7.48  -6.81  -0.23  -0.41   0.13 -63.59   4.06  -4.92  -4.92 0.13 
 -2.14  -7.22  -6.49  -0.07  -0.33   0.10 -64.63   3.99  -5.22  -5.22 0.16 
 -2.20  -7.42  -7.11  -0.19  -0.56   0.20 -63.54   3.92  -5.51  -5.51 -0.28 
 -2.65  -7.08  -6.75  -0.09  -0.57   0.19 -62.17   3.86  -5.83  -5.83 0.01 
 -2.75  -7.16  -7.09  -0.08  -0.55   0.23 -62.31   3.86  -6.08  -6.08 0.26 
 -3.06  -6.95  -6.60   0.10  -0.29   0.20 -60.68   3.91  -6.22  -6.22 0.06 
 -3.34  -7.04  -6.66   0.13   0.05   0.09 -60.96   4.00  -6.12  -6.12 -0.05 
 -3.34  -7.36  -7.14   0.46   0.52  -0.09 -60.80   4.31  -5.71  -5.71 -0.17 
 -2.79  -7.57  -6.57   0.73   1.43  -0.35 -59.95   4.72  -4.81  -4.81 0.15 
 -2.08  -7.50  -6.24   0.83   2.63  -0.72 -62.69   5.14  -3.27  -3.27 0.13 
 -0.68  -8.04  -6.28   0.41   2.61  -0.67 -65.43   5.40  -1.59  -1.59 0.01 
  0.39  -8.00  -5.56   0.65   3.32  -0.85 -70.20   5.79   0.33   0.33 0.12 
  1.88  -8.01  -4.65   0.21   2.54  -0.64 -77.63   5.91   1.57   1.57 -0.14 
  3.35  -8.27  -4.92   0.05   1.94  -0.48 -80.23   5.98   2.69   2.69 0.05 
  4.08  -8.22  -3.47  -0.01   1.74  -0.40 -87.89   5.88   3.64   3.64 0.27 
  4.42  -8.00  -3.39  -0.27   0.99  -0.27 -90.82   5.74   4.01   4.01 0.24 
  4.69  -8.02  -2.40  -0.39  -0.68  -0.08 -90.89   5.43   3.26   3.26 0.27 
  3.91  -7.52  -5.11  -0.71  -2.48   0.20 -91.19   5.11   1.71   1.71 0.25 
  3.28  -7.55  -5.81  -0.48  -2.83   0.36 -84.14   4.82   0.12   0.12 0.07 
  2.12  -7.54  -7.30  -0.28  -2.22   0.42 -78.01   4.68  -1.07  -1.07 0.05 
  0.78  -7.56  -7.00  -0.15  -2.06   0.46 -73.77   4.64  -2.26  -2.26 0.17 
 -0.42  -7.58  -6.33   0.39  -2.10   0.55 -68.60   4.89  -3.52  -3.52 0.25 
 -0.84  -7.96  -7.27   0.58  -1.73   0.61 -66.74   5.28  -4.40  -4.40 -0.12 
 -2.44  -7.46  -5.30   0.91  -1.75   0.87 -63.41   5.79  -5.56  -5.56 -0.06 
 -2.64  -7.77  -5.02   0.55  -1.47   1.02 -60.21   6.03  -6.38  -6.38 -0.11 
 -3.87  -7.94  -4.90   0.25  -0.94   0.83 -58.12   6.10  -6.93  -6.93 -0.13 
 -4.48  -7.51  -4.21   0.04  -1.08   0.77 -55.20   5.93  -7.49  -7.49 -0.06 
 -5.15  -7.55  -4.54  -0.42  -0.41   0.30 -53.73   5.61  -7.70  -7.70 -0.15 
 -4.53  -8.01  -5.24  -0.73   0.11  -0.06 -52.84   5.23  -7.40  -7.40 -0.06 
 -5.17  -7.97  -7.44  -0.38   2.08  -1.58 -54.09   5.20  -5.95  -5.95 0.04 
 -2.54  -8.21  -5.57  -0.12   2.37  -1.30 -57.80   5.19  -4.46  -4.46 0.06 
 -1.39  -7.51  -7.12   0.28   3.67  -1.28 -61.15   5.52  -2.04  -2.04 0.43 
 -0.24  -8.00  -5.29   0.02   3.83  -1.32 -70.44   5.46   0.05   0.05 0.06 
  2.23  -7.30  -5.60  -0.03   3.99  -1.35 -77.17   5.28   2.33   2.33 0.30 
  4.47  -7.48  -5.34  -0.20   3.11  -1.01 -82.74   5.04   4.23   4.23 -0.05 
  5.37  -7.01  -3.44  -0.32   2.75  -0.79 -94.52   4.86   5.58   5.58 -0.02 
  6.69  -6.81  -2.61  -0.27   0.62  -0.29 -99.45   4.71   5.58   5.58 -0.03 
  6.33  -6.91  -1.85  -0.08  -1.37   0.27 -99.92   4.60   4.33   4.33 0.03 
  4.40  -6.44  -4.41  -0.43  -4.41   0.92 -97.66   4.40   1.67   1.67 0.02 
  3.40  -7.14  -7.18  -0.41  -3.93   0.96 -84.76   4.20  -0.31  -0.31 -0.05 
  0.53  -7.01  -7.43  -0.12  -2.77   0.86 -74.68   4.18  -1.85  -1.85 -0.02 
  0.24  -7.12  -7.00  -0.05  -2.30   0.66 -68.85   4.19  -3.25  -3.25 0.08 
 -1.75  -7.23  -7.42   0.48  -2.42   0.97 -63.53   4.50  -4.65  -4.65 -0.11 
 -2.36  -7.34  -7.24   0.32  -1.97   0.83 -59.54   4.60  -5.65  -5.65 0.11 
 -3.47  -7.47  -6.49   0.26  -1.08   0.68 -56.21   4.69  -6.29  -6.29 0.38 
 -4.14  -7.09  -5.78   0.03  -1.38   0.73 -53.94   4.69  -7.03  -7.03 0.20 
 -5.05  -6.62  -5.16   0.08  -1.04   0.67 -52.61   4.69  -7.63  -7.63 0.17 
 -5.02  -7.04  -5.15   0.21  -0.78   0.61 -51.05   4.74  -8.02  -8.02 0.04 
 -5.39  -6.63  -4.60  -0.08  -0.53   0.53 -49.84   4.64  -8.37  -8.37 0.06 
 -5.72  -6.98  -5.16   0.00  -0.25   0.23 -48.86   4.66  -8.35  -8.35 -0.20 
 -5.91  -7.02  -5.56  -0.00   1.08  -0.73 -48.61   4.76  -7.35  -7.35 -0.05 
 -4.67  -7.45  -7.29   0.27   3.58  -1.92 -50.53   5.14  -5.13  -5.13 -0.11 
 -3.52  -6.76  -5.50   0.21   2.78  -1.12 -53.89   5.14  -3.62  -3.62 -0.10 
 -1.44  -7.91  -7.12   0.13   2.46  -0.71 -59.33   5.34  -2.03  -2.03 -0.02 
 -0.82  -7.49  -5.96  -0.03   2.64  -0.72 -63.36   5.26  -0.67  -0.67 -0.05 
  1.49  -7.66  -6.66   0.05   2.21  -0.51 -68.19   5.26   0.69   0.69 0.29 
  1.89  -7.78  -5.53  -0.05   2.26  -0.58 -75.30   5.19   1.89   1.89 0.09 
  3.28  -7.21  -5.69  -0.09   1.95  -0.50 -79.49   5.12   2.98   2.98 -0.07 
  3.66  -7.45  -4.85   0.04   0.96  -0.23 -85.90   5.14   3.41   3.41 -0.07 
  4.27  -7.33  -4.86   0.04   0.32  -0.19 -89.74   5.13   3.52   3.52 -0.03 
  4.28  -7.48  -4.68   0.07  -1.02  -0.12 -87.78   5.17   2.72   2.72 0.06 
  3.46  -7.38  -4.39   0.01  -1.78   0.11 -87.97   5.16   1.37   1.37 0.01 
  2.61  -7.47  -6.66   0.25  -2.72   0.48 -82.30   5.35  -0.18  -0.18 0.15 
  2.42  -7.37  -7.01   0.13  -1.84   0.47 -75.67   5.42  -1.11  -1.11 0.10 
  0.43  -7.57  -5.86   0.13  -1.75   0.57 -72.42   5.51  -2.24  -2.24 0.00 
 -0.64  -7.74  -6.76   0.40  -2.01   0.75 -66.90   5.72  -3.47  -3.47 -0.18 
 -1.65  -8.34  -7.44   0.70  -1.63   0.63 -63.65   6.26  -4.24  -4.24 0.10 
 -2.07  -8.07  -4.86   0.76  -0.78   0.33 -61.57   6.54  -4.72  -4.72 -0.17 
 -1.83  -8.46  -5.02   0.97  -0.80   0.50 -60.15   6.96  -5.16  -5.16 -0.06 
 -3.14  -8.05  -4.11   0.41  -1.28   0.72 -59.35   7.05  -6.00  -6.00 -0.01 
 -3.86  -8.07  -4.23   0.06  -1.07   0.75 -56.48   6.97  -6.62  -6.62 0.01 
 -4.81  -7.92  -3.93  -0.35  -1.22   0.67 -54.54   6.73  -7.34  -7.34 -0.15 
 -4.90  -8.25  -4.03  -0.13  -0.52   0.38 -53.34   6.66  -7.61  -7.61 0.01 
 -5.25  -7.68  -3.72  -0.21  -0.84   0.53 -52.17   6.49  -8.13  -8.13 -0.01 
 -4.77  -8.14  -3.66  -0.07  -0.11   0.04 -51.64   6.45  -8.11  -8.11 0.37 
 -5.05  -7.29  -3.19  -0.11  -0.15  -0.05 -51.67   6.33  -8.04  -8.04 0.18 
 -4.69  -8.66  -5.37  -0.03   2.15  -0.98 -51.96   6.53  -6.44  -6.44 -0.06 
 -4.15  -8.54  -5.39   0.13   3.58  -1.90 -54.31   6.80  -4.39  -4.39 0.20 
 -2.50  -8.07  -5.02   0.32   2.93  -1.39 -57.73   6.90  -2.63  -2.63 0.25 
 -0.70  -8.72  -4.92  -0.10   2.91  -1.34 -65.90   6.88  -0.90  -0.90 0.00 
  0.53  -8.27  -4.72  -0.23   2.28  -0.90 -71.33   6.78   0.17   0.17 0.43 
  2.24  -8.47  -4.86  -0.09   0.75  -0.32 -74.69   6.75   0.62   0.62 0.05 
  2.30  -8.43  -4.70  -0.00   0.19  -0.05 -78.62   6.74   0.59   0.59 0.01 
  1.82  -8.31  -4.45  -0.27  -0.95   0.30 -77.49   6.61   0.01   0.01 -0.22 
  1.24  -8.30  -5.28  -0.18  -1.07   0.25 -75.88   6.54  -0.67  -0.67 0.24 
  1.19  -8.33  -5.24  -0.02  -1.28   0.29 -74.22   6.54  -1.36  -1.36 -0.15 
  0.21  -8.38  -5.66  -0.04  -1.60   0.04 -70.28   6.49  -2.36  -2.36 0.11 
 -0.12  -8.46  -5.54   0.07  -1.78   0.20 -69.97   6.55  -3.50  -3.50 -0.01 
 -0.91  -8.28  -5.42   0.02  -2.48   0.49 -67.15   6.56  -4.83  -4.83 -0.21 
 -2.12  -8.29  -5.20   0.29  -1.59   0.54 -64.37   6.69  -5.79  -5.79 -0.06 
 -2.65  -8.55  -4.98   0.34  -1.57   0.74 -63.36   6.88  -6.68  -6.68 -0.22 
 -3.37  -8.32  -4.29   0.29  -0.74   0.61 -60.27   6.99  -7.16  -7.16 0.07 
 -4.22  -8.20  -3.85   0.32  -0.69   0.73 -59.23   7.05  -7.56  -7.56 -0.09 
 -4.78  -8.15  -4.10   0.06  -0.49   0.38 -57.31   7.12  -7.86  -7.86 -0.01 
 -4.57  -7.90  -3.61  -0.03  -0.53   0.17 -56.38   7.07  -8.16  -8.16 -0.11 
 -4.96  -7.81  -3.30   0.01  -0.58   0.33 -56.56   7.01  -8.52  -8.52 -0.11 
 -5.13  -8.12  -3.76   0.03  -0.15   0.01 -55.50   7.04  -8.49  -8.49 0.05 
 -5.58  -7.70  -2.87   0.03   0.77  -0.75 -56.38   6.92  -7.76  -7.76 0.01 
 -3.81  -8.53  -3.77  -0.14   1.11  -1.18 -58.43   6.95  -6.98  -6.98 -0.15 
 -3.70  -7.40  -3.18  -0.78   1.38  -1.62 -60.45   6.53  -6.22  -6.22 -0.22 
 -2.14  -8.58  -5.31  -0.37   1.20  -0.83 -65.73   6.34  -5.45  -5.45 -0.16 
 -1.57  -7.93  -3.65  -0.51   0.77  -0.56 -67.20   5.94  -5.09  -5.09 -0.18 
 -1.20  -8.26  -6.60  -1.26   0.59  -0.82 -68.43   5.67  -4.50  -4.50 0.19 
 -0.76  -8.14  -4.86  -0.68   0.76  -0.73 -71.37   5.36  -4.13  -4.13 0.19 
  0.86  -8.09  -7.42  -0.46   0.24  -0.88 -71.74   5.56  -3.32  -3.32 0.03 
  0.62  -7.51  -6.00   0.59   1.89  -1.78 -77.39   5.94  -2.40  -2.40 -0.05 
  4.86  -7.07  -4.63  -1.88   1.15  -2.50 -82.50   5.18  -1.94  -1.94 -0.13 
  4.29  -7.83  -5.59  -0.98   1.02  -0.59 -85.18   4.61  -1.48  -1.48 -0.07 
  4.49  -6.37  -7.74   0.01   0.39  -0.65 -90.19   4.72  -1.23  -1.23 -0.04 
  5.49  -7.56  -6.05  -1.18   0.86  -0.69 -90.38   4.20  -0.66  -0.66 -0.11 
  4.90  -5.27  -7.91  -0.75   1.81  -1.79 -94.61   3.73   0.72   0.72 0.07 
  6.81  -4.32  -3.86  -0.01   1.56  -1.79 -101.88   4.08   1.21   1.21 0.01 
  7.37  -6.19  -1.93   6.76   0.21  -1.99 -103.12   5.94   1.51   1.51 0.10 
  9.73  -3.65  -2.38   0.50   0.53  -1.85 -111.44   5.81   1.94   1.94 -0.18 
  8.79  -2.56  -2.59   2.53  -0.01  -2.14 -114.87   7.76   1.83   1.83 0.03 
  9.47  -1.87  -5.31   1.05  -0.48  -0.89 -117.24   7.81   1.95   1.95 0.03 
  9.07  -2.04  -1.78   0.66  -0.47  -0.27 -122.05   8.32   1.58   1.58 -0.10 
  9.10  -1.89  -1.59   0.70  -1.63  -0.73 -120.31   8.78   0.67   0.67 0.13 
  9.70  -1.74  -2.01   0.82  -1.96  -0.52 -124.31   9.38  -0.44  -0.44 -0.25 
  8.59  -1.35  -3.15  -0.10  -1.97  -0.57 -124.99   9.65  -2.07  -2.07 0.10 
  4.67  -3.66 -16.27   2.45  -6.12  -0.14 -123.02   9.92  -3.42  -3.42 -0.13 
  6.02  -2.25  -7.15  -0.74  -1.08  -0.89 -125.49   9.69  -3.82  -3.82 -0.28 
  6.11  -0.08  -9.86  -0.62  -0.59  -1.21 -125.40   9.17  -3.69  -3.69 -0.01 
  4.80   0.58  -6.66  -0.90   0.04  -0.52 -129.21   8.78  -3.70  -3.70 -0.13 
  5.45  -0.22  -8.32  -1.68  -0.22  -0.20 -132.02   7.86  -3.85  -3.85 0.17 
  4.78  -2.15 -10.79  -0.49  -1.86  -0.82 -128.32   7.68  -4.57  -4.57 -0.14 
  3.60   1.68  -8.82  -0.50  -1.68  -0.12 -133.51   7.55  -5.39  -5.39 0.09 
  2.48   1.58  -9.59  -0.29  -1.60  -0.56 -131.72   7.65  -5.99  -5.99 -0.12 
  1.48   2.12 -10.18  -0.39  -0.54  -0.33 -130.57   7.40  -6.29  -6.29 0.28 
  1.88   1.30  -9.45  -0.16  -0.84  -1.18 -133.35   7.52  -6.59  -6.59 0.03 
  1.82   2.35  -9.80  -0.09  -0.44  -0.13 -129.96   7.54  -6.89  -6.89 -0.36 
  1.98   3.61  -8.85   0.63  -0.21   0.22 -134.40   7.74  -7.25  -7.25 0.27 
  0.95   1.95  -9.82  -0.45  -0.37  -0.18 -132.40   7.65  -7.43  -7.43 -0.07 
  0.10   2.67 -10.09   0.05  -0.24  -0.44 -127.95   7.71  -7.46  -7.46 0.01 
  0.22   1.69  -9.67  -0.02  -0.40  -0.23 -133.87   7.76  -7.67  -7.67 -0.05 
 -0.28   2.46 -10.21   0.50   0.21  -0.39 -130.58   8.04  -7.55  -7.55 0.21 
 -0.03   1.80 -10.76   0.06  -0.18  -0.31 -134.07   8.17  -7.52  -7.52 -0.11 
  0.03   2.01  -9.66   0.16   0.11  -0.27 -134.37   8.22  -7.47  -7.47 0.12 
 -0.17   2.05 -10.12  -0.10  -0.05  -0.16 -130.34   8.22  -7.45  -7.45 -0.09 
 -0.17   2.01  -9.42  -0.20  -0.14   0.06 -135.01   8.16  -7.54  -7.54 0.24 
 -0.72   2.84 -11.10   0.10   0.13   0.16 -133.02   8.19  -7.33  -7.33 0.14 
  0.38   1.02  -9.65  -0.00   0.67   0.61 -131.17   8.27  -6.97  -6.97 -0.04 
  0.34   2.13  -9.87   0.32   0.74   0.27 -134.35   8.24  -6.63  -6.63 0.13 
  1.25   1.02  -9.31   0.35   0.36   0.01 -130.12   8.53  -6.44  -6.44 0.14 
  0.96   1.87  -9.89   0.32   0.26  -0.08 -134.23   8.80  -6.17  -6.17 0.12 
  1.19   1.28  -9.31   0.66   0.14  -0.41 -133.75   9.06  -6.15  -6.15 -0.13 
  1.14   1.30  -9.96   0.16  -0.04  -0.02 -130.70   9.19  -6.09  -6.09 -0.17 
  1.40   0.41 -10.56   0.58   0.02  -0.35 -134.24   9.51  -5.98  -5.98 -0.01 
  1.44   0.28 -10.64   0.61   0.65  -0.14 -131.08   9.89  -5.51  -5.51 -0.01 
  1.84   0.50  -9.06   0.67   0.57  -0.23 -132.96  10.03  -5.35  -5.35 0.09 
  2.06  -0.60 -11.23   0.67   0.74   0.01 -134.60  10.91  -4.55  -4.55 0.33 
  2.87  -1.19  -8.23   0.99   1.17   0.16 -130.81  11.16  -4.11  -4.11 0.34 
  3.82  -2.22  -7.79   1.53   1.59   0.26 -134.32  11.68  -3.59  -3.59 -0.17 
  3.85  -1.96 -10.10   1.41   1.95   0.20 -132.02  12.49  -2.59  -2.59 0.28 
  5.09  -2.57  -8.43   0.26   0.93  -0.04 -131.92  12.68  -2.04  -2.04 0.06 
  5.63  -3.27  -7.02   0.34   0.78  -0.13 -133.89  12.71  -1.64  -1.64 0.15 
  5.91  -2.59  -7.74  -0.17   0.70  -0.08 -129.88  12.65  -1.19  -1.19 0.10 
  6.43  -2.93  -6.78   0.19   1.13   0.02 -134.45  12.57  -0.67  -0.67 0.05 
  6.52  -1.92  -5.66  -1.29  -0.47  -0.27 -133.47  11.63  -0.93  -0.93 0.20 
  6.24  -1.85  -6.55  -1.20  -0.81  -0.14 -133.04  10.89  -1.52  -1.52 -0.03 
  5.75  -0.99  -7.51  -2.01  -1.84  -0.07 -135.42   9.82  -2.51  -2.51 0.18 
  3.61   0.68  -7.90  -2.17  -2.68  -0.26 -132.95   8.59  -4.18  -4.18 0.32 
  2.95   0.89  -9.77  -1.46  -2.47  -0.21 -136.26   8.04  -5.47  -5.47 0.03 
  1.24   2.09 -11.67  -0.05  -1.49  -1.02 -135.89   8.11  -6.02  -6.02 -0.13 
  0.94   1.54  -9.20   0.16  -0.86  -0.65 -131.41   8.22  -6.52  -6.52 0.03 
 -0.07   2.15 -10.59   0.31  -0.36  -0.19 -136.33   8.37  -6.67  -6.67 0.39 
  0.25   1.38 -10.01   0.01  -0.46  -0.17 -133.46   8.40  -6.87  -6.87 0.08 
 -0.26   2.37 -10.12   0.34   0.06   0.65 -133.99   8.44  -6.90  -6.90 -0.19 
  0.36   1.09 -10.96  -0.23   0.22   0.64 -134.27   8.26  -6.72  -6.72 0.32 
  1.27   1.77 -10.09  -0.01   0.87   0.87 -128.38   8.29  -6.24  -6.24 0.04 
  1.28   0.89 -10.64   0.99   1.57   1.01 -132.95   8.68  -5.13  -5.13 0.16 
  2.71   0.55  -9.82   0.78   1.32  -0.01 -130.65   9.28  -4.10  -4.10 0.06 
  3.66  -0.38  -8.18   1.11   2.16   0.18 -129.19   9.67  -3.20  -3.20 0.24 
  3.94  -0.27 -10.55   0.73   2.16  -0.00 -133.00  10.40  -2.05  -2.05 0.13 
  5.49   0.58  -9.19   0.24   1.45   0.21 -130.37  10.17  -0.53  -0.53 -0.11 
  7.12  -1.96  -7.36   0.44   0.41  -0.14 -133.36  10.64   0.12   0.12 0.06 
  6.55  -1.72 -10.40  -0.36   2.19   0.10 -133.02  10.22   1.51   1.51 0.33 
  7.33  -1.31  -6.64  -0.92   2.54   0.14 -129.73   9.48   2.90   2.90 -0.16 
  8.54  -0.99  -1.59  -0.60   0.58  -0.14 -133.33   9.33   2.92   2.92 0.05 
  8.51  -0.64  -5.50  -0.21   0.14  -0.10 -131.06   9.28   3.14   3.14 0.03 
  8.86  -1.14  -3.93   0.05   0.72   0.02 -131.57   9.38   3.30   3.30 0.28 
  8.98  -0.81  -4.43   0.04   0.16  -0.03 -133.37   9.39   3.37   3.37 0.01 
  8.88  -0.91  -4.21   0.05   0.06   0.03 -130.34   9.21   3.28   3.28 0.10 
  8.58  -0.43  -3.75  -0.12  -0.55   0.01 -133.26   9.02   2.62   2.62 0.11 
  8.08  -1.65  -2.17  -0.38  -2.42  -0.40 -132.51   8.79   1.04   1.04 0.13 
  7.82  -0.42  -6.82  -0.09  -2.86  -0.27 -131.91   8.69  -0.56  -0.56 -0.22 
  4.89  -0.67  -6.27   0.25  -3.31  -0.55 -134.12   8.53  -2.50  -2.50 0.29 
  4.44  -0.47  -9.93  -0.23  -3.13  -0.84 -130.24   8.11  -4.20  -4.20 0.17 
  2.54   0.91  -9.90   0.10  -1.83  -0.89 -133.82   8.01  -5.22  -5.22 0.09 
  1.22   0.67  -9.93   0.17  -1.57  -0.79 -133.54   8.29  -5.85  -5.85 0.18 
  1.53  -0.40  -9.86   0.08  -0.57  -0.31 -130.25   8.38  -6.23  -6.23 0.16 
  0.15   1.47 -10.65  -0.15  -0.74  -0.18 -133.50   8.40  -6.56  -6.56 0.19 
 -0.06   0.83 -11.19  -0.26  -0.19   0.02 -130.69   8.26  -6.59  -6.59 -0.06 
  0.16   0.83  -9.68  -0.09   0.08   0.27 -131.57   8.22  -6.56  -6.56 -0.06 
  0.64   0.51 -10.49  -0.36   0.04   0.29 -132.91   8.16  -6.45  -6.45 -0.07 
  0.61   0.79  -9.91  -0.18  -0.04   0.13 -127.02   8.11  -6.43  -6.43 0.29 
 -0.20   2.12  -9.68   0.00  -0.02   0.02 -132.80   7.99  -6.55  -6.55 -0.15 
  0.70  -0.36 -10.29  -0.01  -0.04  -0.09 -130.53   8.01  -6.53  -6.53 -0.24 
  0.20   1.37 -10.04  -0.56   0.01  -0.10 -131.35   7.73  -6.50  -6.50 0.08 
 -0.03   1.94  -9.93  -0.04   0.04  -0.28 -133.80   7.74  -6.42  -6.42 -0.05 
  0.10   1.62 -10.40  -0.14  -0.04  -0.08 -130.27   7.72  -6.36  -6.36 -0.27 
  0.13   1.98  -9.67   0.11   0.11  -0.06 -134.82   7.66  -6.36  -6.36 0.01 
  0.63   0.78  -9.84  -0.10   0.08  -0.20 -134.14   7.63  -6.30  -6.30 0.00 
  0.31   1.34  -9.86  -0.22  -0.02  -0.45 -131.46   7.60  -6.22  -6.22 0.26 
  0.24   1.97  -9.51   0.10   0.18  -0.18 -136.71   7.66  -6.15  -6.15 0.04 
  0.16   2.07  -9.90   0.01   0.00  -0.11 -133.66   7.61  -6.16  -6.16 0.21 
  0.43   1.44  -9.68   0.25   0.17  -0.04 -137.33   7.65  -6.12  -6.12 0.17 
  0.48   1.34  -9.95   0.06   0.03  -0.04 -137.11   7.71  -6.09  -6.09 -0.15 
  0.43   1.22  -9.90  -0.06  -0.05  -0.09 -132.96   7.74  -6.08  -6.08 0.28 
  0.23   1.96  -9.90  -0.02   0.01  -0.10 -137.49   7.70  -6.09  -6.09 0.23 
  0.26   1.43 -10.04   0.07  -0.01  -0.07 -135.74   7.69  -6.10  -6.10 0.29 
  0.27   1.80  -9.89   0.06   0.07  -0.01 -134.61   7.68  -6.08  -6.08 0.22 
  0.50   1.09  -9.84  -0.01  -0.00  -0.11 -137.94   7.72  -6.04  -6.04 -0.03 
  0.37   1.72  -9.75   0.01  -0.01   0.07 -133.03   7.71  -6.06  -6.06 -0.36 
  0.39   1.35  -9.79   0.04   0.01  -0.10 -138.10   7.73  -6.06  -6.06 0.16 
  0.30   1.55 -10.06   0.04   0.01  -0.01 -136.59   7.78  -6.03  -6.03 -0.10 
  0.47   1.05  -9.99   0.05   0.02  -0.06 -134.45   7.83  -6.00  -6.00 0.11 
  0.19   1.92  -9.87   0.02   0.03  -0.05 -138.06   7.84  -5.98  -5.98 0.19 
  0.56   0.98  -9.97   0.06   0.04  -0.02 -133.63   7.89  -5.95  -5.95 -0.16 
  0.38   1.34  -9.97   0.01   0.01  -0.01 -138.24   7.90  -5.93  -5.93 -0.13 
  0.35   1.63  -9.84   0.08   0.02  -0.06 -137.88   7.93  -5.92  -5.92 -0.06 
  0.45   1.06 -10.01   0.04   0.01  -0.04 -134.76   7.94  -5.90  -5.90 0.14 
  0.35   1.62  -9.82   0.04   0.05   0.01 -138.50   7.94  -5.89  -5.89 0.20 
  0.49   1.09  -9.88   0.03  -0.01  -0.09 -135.93   7.96  -5.88  -5.88 -0.22 
  0.46   1.33  -9.84   0.03   0.04   0.06 -136.63   7.97  -5.88  -5.88 -0.01 
  0.44   1.35 -10.10   0.03   0.03  -0.02 -138.54   7.98  -5.86  -5.86 0.05 
  0.37   1.57  -9.87   0.05   0.06   0.03 -134.67   8.00  -5.83  -5.83 0.03 
  0.75   0.77  -9.69   0.03   0.02  -0.01 -138.19   8.03  -5.82  -5.82 -0.10 
  0.48   1.37 -10.05   0.01   0.06   0.04 -136.79   8.03  -5.78  -5.78 0.15 
  0.73   0.81  -9.55  -0.03   0.03   0.02 -135.81   8.06  -5.78  -5.78 -0.10 
  0.48   1.33  -9.99  -0.03  -0.01   0.04 -138.30   8.01  -5.78  -5.78 0.22 
  0.67   0.93  -9.79   0.00  -0.00  -0.01 -133.62   8.03  -5.78  -5.78 -0.13 
  0.57   1.21 -10.05   0.01   0.02   0.01 -138.48   8.04  -5.76  -5.76 -0.15 
  0.57   1.35  -9.82  -0.01  -0.01  -0.02 -137.36   8.02  -5.78  -5.78 0.06 
  0.52   1.34  -9.74  -0.04  -0.04   0.03 -133.20   7.98  -5.82  -5.82 0.26 
  0.51   1.36 -10.08   0.02   0.01  -0.01 -138.54   7.99  -5.81  -5.81 -0.12 
  0.61   0.97 -10.01  -0.01   0.01   0.04 -135.23   7.95  -5.81  -5.81 -0.04 
  0.58   1.53  -9.92  -0.01   0.03   0.06 -138.22   7.93  -5.79  -5.79 0.06 
  0.70   1.01  -9.98   0.02   0.03  -0.00 -138.26   7.93  -5.78  -5.78 0.26 
  0.58   1.27  -9.88  -0.03  -0.02   0.03 -133.85   7.92  -5.78  -5.78 0.24 
  0.68   1.10 -10.00  -0.01   0.00  -0.01 -138.25   7.93  -5.76  -5.76 0.13 
  0.49   1.42  -9.98  -0.05   0.00   0.04 -136.64   7.90  -5.77  -5.77 -0.17 
  0.54   1.46  -9.95  -0.02  -0.01   0.03 -135.31   7.87  -5.77  -5.77 -0.07 
  0.65   1.35  -9.94   0.04   0.03   0.01 -138.24   7.86  -5.76  -5.76 -0.02 
  0.67   1.21 -10.00   0.01   0.00  -0.01 -134.47   7.86  -5.76  -5.76 -0.01 
  0.57   1.39  -9.83   0.01   0.00   0.00 -138.07   7.85  -5.77  -5.77 0.03 
  0.63   1.03 -10.00  -0.02  -0.02   0.01 -137.66   7.85  -5.78  -5.78 -0.17 
  0.58   1.34  -9.77   0.04   0.04   0.02 -134.47   7.86  -5.77  -5.77 0.18 
  0.65   1.16  -9.90  -0.01   0.01   0.04 -137.83   7.85  -5.77  -5.77 -0.01 
  0.71   1.17  -9.89   0.04   0.05   0.02 -135.09   7.89  -5.73  -5.73 0.12 
  0.71   1.12  -9.93   0.02   0.02   0.01 -136.04   7.89  -5.73  -5.73 -0.24 
  0.69   1.22  -9.94  -0.00  -0.00   0.01 -137.57   7.89  -5.72  -5.72 0.13 
  0.67   1.14  -9.98   0.00   0.01   0.00 -131.63   7.87  -5.73  -5.73 -0.13 
  0.64   1.37  -9.82  -0.02  -0.01   0.03 -137.62   7.85  -5.75  -5.75 0.09 
  0.58   1.19 -10.06   0.02   0.03   0.07 -135.66   7.86  -5.72  -5.72 0.18 
  0.64   1.40  -9.53   0.12   0.15   0.06 -135.75   7.83  -5.68  -5.68 -0.18 
  0.59   2.07 -10.36   0.27   0.04   0.10 -137.09   7.92  -5.49  -5.49 -0.03 
  0.88   1.00  -9.44   0.24   0.19   0.10 -132.91   7.88  -5.39  -5.39 -0.07 
  1.00   0.90  -9.76   0.02  -0.06   0.05 -136.58   7.95  -5.31  -5.31 0.04 
  1.47   1.22 -10.61   0.08   0.65   0.63 -135.73   8.02  -4.98  -4.98 0.14 
  1.11   1.94 -11.24   0.50   1.05   0.94 -131.82   8.36  -4.25  -4.25 0.00 
  2.87  -1.35  -9.30   0.43   1.01   1.75 -133.34   8.75  -3.74  -3.74 0.33 
  3.08  -2.69  -9.59   1.05   1.10   0.39 -128.06   9.19  -3.22  -3.22 -0.03 
  3.50   1.38  -8.42   0.08   0.15   0.13 -128.29   9.26  -3.30  -3.30 -0.21 
  3.68  -0.86  -9.67  -0.01  -0.08   0.17 -129.23   9.23  -3.39  -3.39 -0.17 
  3.52  -1.26  -9.33  -0.41  -0.03   0.30 -125.21   9.03  -3.42  -3.42 0.19 
  3.40  -1.24  -8.99  -0.17   0.11   0.13 -128.09   8.87  -3.40  -3.40 0.11 
  3.71  -0.71  -8.99  -0.11   0.06   0.07 -126.65   8.75  -3.42  -3.42 -0.01 
  3.60  -0.95  -9.24  -0.10   0.14  -0.01 -125.71   8.75  -3.37  -3.37 0.35 
  3.69  -0.99  -8.99  -0.09   0.04  -0.02 -128.19   8.76  -3.35  -3.35 0.09 
  3.71  -0.72  -9.13  -0.09  -0.01  -0.03 -124.02   8.76  -3.35  -3.35 0.06 
  3.71  -1.16  -8.93  -0.09  -0.13  -0.13 -128.54   8.68  -3.41  -3.41 -0.11 
  3.50   0.01 -10.04   0.01  -0.03  -0.05 -127.71   8.66  -3.39  -3.39 0.04 
  3.64  -1.12  -9.42  -0.04  -0.02  -0.03 -126.10   8.63  -3.39  -3.39 -0.01 
  3.54  -0.72  -9.04  -0.12  -0.07   0.04 -128.75   8.61  -3.43  -3.43 0.10 
  3.56  -1.03  -8.98  -0.03  -0.05   0.00 -125.82   8.65  -3.46  -3.46 0.09 
  3.55  -0.99  -9.58  -0.01   0.04  -0.02 -128.69   8.65  -3.45  -3.45 0.14 
  3.47  -0.41  -9.13  -0.16  -0.14   0.04 -128.61   8.60  -3.50  -3.50 -0.07 
  3.59  -0.86  -9.23  -0.03  -0.02  -0.02 -124.83   8.62  -3.50  -3.50 0.18 
  3.56  -0.45  -9.20  -0.08   0.02   0.03 -128.70   8.58  -3.49  -3.49 -0.09 
  3.55  -0.86  -9.27  -0.01  -0.03  -0.01 -127.19   8.59  -3.51  -3.51 -0.08 
  3.42  -0.35  -9.55  -0.05   0.01   0.02 -125.90   8.56  -3.50  -3.50 -0.24 
  3.45  -0.54  -9.64   0.03   0.00  -0.02 -128.79   8.59  -3.47  -3.47 0.01 
  3.48  -0.68  -9.48  -0.02  -0.01   0.01 -125.46   8.58  -3.48  -3.48 -0.17 
  3.48  -0.76  -9.28  -0.08  -0.03  -0.02 -128.68   8.54  -3.50  -3.50 0.07 
  3.52  -0.33  -8.59  -0.32  -0.20  -0.00 -128.26   8.30  -3.73  -3.73 0.14 
  3.31  -0.29  -9.11  -0.26  -0.28  -0.03 -125.70   8.21  -3.88  -3.88 0.07 
  2.98   0.50  -9.50  -0.25  -0.65  -0.20 -128.95   8.14  -4.14  -4.14 -0.43 
  2.76   0.20  -9.65  -0.07  -0.45  -0.25 -126.35   8.17  -4.36  -4.36 0.27 
  2.42   0.08 -10.08   0.17  -0.28  -0.20 -127.61   8.28  -4.48  -4.48 0.11 
  2.40  -0.23 -10.11   0.01  -0.07   0.00 -128.92   8.31  -4.48  -4.48 -0.09 
  2.33   0.16  -9.57   0.09  -0.01   0.01 -123.43   8.33  -4.50  -4.50 -0.26 
  2.37  -0.43  -9.56  -0.09  -0.03   0.03 -128.93   8.32  -4.53  -4.53 -0.22 
  2.26   0.19  -9.42  -0.07  -0.03   0.02 -127.15   8.28  -4.60  -4.60 0.11 
  2.31   0.14  -9.58  -0.04  -0.02  -0.02 -127.18   8.20  -4.67  -4.67 0.03 
  2.28  -0.07  -9.81  -0.07  -0.11   0.05 -128.98   8.13  -4.75  -4.75 -0.03 
  2.09   0.20  -9.86  -0.17  -0.15   0.00 -125.18   8.04  -4.81  -4.81 0.32 
  2.05   0.13  -9.78  -0.09  -0.03   0.02 -128.72   8.06  -4.81  -4.81 0.10 
  2.08  -0.13  -9.61  -0.00  -0.05   0.01 -128.08   8.08  -4.84  -4.84 0.09 
  2.05   0.23 -10.00   0.04  -0.00  -0.01 -125.27   8.11  -4.84  -4.84 -0.08 
  2.16   0.10  -9.68  -0.05  -0.04   0.01 -128.71   8.06  -4.88  -4.88 -0.34 
  1.99   0.51  -9.83   0.04  -0.10  -0.05 -126.18   8.06  -4.90  -4.90 -0.07 
  1.95   0.07  -9.70  -0.02  -0.02   0.03 -126.89   8.06  -4.91  -4.91 0.05 
  1.95  -0.10  -9.66   0.01  -0.08  -0.06 -128.64   8.05  -4.97  -4.97 -0.20 
  1.83  -0.03  -9.84  -0.01  -0.02  -0.01 -125.16   8.07  -4.98  -4.98 -0.15 
  1.97   0.19  -9.84  -0.02   0.03   0.01 -128.66   8.07  -4.97  -4.97 -0.06 
  2.01   0.27  -9.79   0.02  -0.01   0.00 -127.27   8.09  -4.97  -4.97 -0.02 
  1.96   0.42  -9.93   0.02  -0.01  -0.01 -126.35   8.09  -4.98  -4.98 -0.11 
  1.88   0.13  -9.71   0.01   0.02   0.01 -128.61   8.10  -4.98  -4.98 -0.36 
  1.80  -0.14  -9.78  -0.04  -0.03   0.01 -124.17   8.07  -5.02  -5.02 0.11 
  1.83   0.29 -10.09  -0.01   0.01  -0.01 -128.67   8.07  -4.99  -4.99 0.21 
  1.95   0.47  -9.82  -0.02  -0.03  -0.00 -127.72   8.06  -5.00  -5.00 -0.06 
  1.80   0.11 -10.03   0.00   0.01  -0.01 -123.89   8.07  -4.99  -4.99 0.06 
  1.88   0.23  -9.63  -0.02   0.01   0.01 -128.68   8.05  -4.99  -4.99 -0.03 
  1.82   0.10  -9.82  -0.00  -0.03  -0.01 -125.70   8.04  -5.00  -5.00 -0.40 
  1.85   0.32  -9.84  -0.02  -0.01   0.01 -128.71   8.05  -5.00  -5.00 0.20 
  1.87   0.29  -9.99  -0.03  -0.05  -0.00 -128.76   8.05  -5.00  -5.00 -0.09 
  1.85   0.38 -10.01   0.00  -0.00   0.01 -125.02   8.06  -4.99  -4.99 -0.18 
  1.71   0.21  -9.74   0.00   0.01   0.01 -128.76   8.05  -4.99  -4.99 -0.07 
  1.82   0.06  -9.78   0.01   0.00  -0.01 -127.26   8.06  -4.99  -4.99 0.40 
  1.88   0.14  -9.86  -0.02  -0.01   0.00 -126.08   8.08  -4.99  -4.99 0.03 
  1.70   0.69  -9.81   0.02  -0.03  -0.03 -128.64   8.06  -4.99  -4.99 -0.15 
  1.95   0.16  -9.69  -0.00  -0.04  -0.01 -124.73   8.05  -5.03  -5.03 -0.05 
  1.56   0.34 -10.04  -0.06  -0.03  -0.01 -128.75   8.01  -5.06  -5.06 -0.01 
  1.80  -0.25  -9.51  -0.00   0.02  -0.02 -128.49   8.00  -5.07  -5.07 -0.10 
  1.68   0.60  -9.78  -0.05  -0.06  -0.02 -125.71   7.97  -5.12  -5.12 -0.10 
  1.82   0.56  -9.90   0.01   0.01  -0.04 -128.75   7.99  -5.11  -5.11 -0.09 
  1.80   0.48  -9.84  -0.03  -0.03   0.03 -126.45   7.99  -5.11  -5.11 0.28 
  1.60   0.56  -9.97  -0.01   0.01   0.01 -127.50   7.97  -5.11  -5.11 0.15 
  1.65   0.28  -9.95   0.01  -0.01   0.01 -128.79   7.96  -5.12  -5.12 0.18 
  1.61   0.17 -10.12   0.03   0.00  -0.01 -123.66   7.97  -5.12  -5.12 0.00 
  1.68   0.19  -9.97   0.04   0.02   0.01 -128.70   7.99  -5.10  -5.10 0.04 
  1.80   0.48  -9.66   0.01   0.03  -0.01 -127.16   8.00  -5.09  -5.09 0.09 
  1.70   0.51  -9.85   0.01  -0.03   0.00 -125.06   8.01  -5.10  -5.10 0.00 
  1.63   0.23  -9.88  -0.00   0.03   0.01 -128.85   8.02  -5.10  -5.10 0.09 
  1.72   0.21  -9.72  -0.01  -0.01  -0.00 -125.21   8.02  -5.11  -5.11 -0.10 
  1.63   0.37 -10.12   0.01   0.00  -0.01 -128.73   8.02  -5.09  -5.09 -0.07 
  1.88   0.28  -9.50   0.01   0.01   0.00 -128.40   8.02  -5.09  -5.09 -0.23 
  1.69   0.66  -9.99  -0.01  -0.05  -0.01 -125.39   8.00  -5.11  -5.11 -0.09 
  1.73   0.28  -9.92  -0.00   0.01   0.00 -128.80   8.01  -5.11  -5.11 -0.16 
  1.62   0.46 -10.05  -0.01  -0.00   0.04 -126.57   8.01  -5.12  -5.12 -0.15 
  1.64   0.00  -9.94   0.06   0.02  -0.00 -127.05   8.02  -5.11  -5.11 0.09 
  1.74   0.18  -9.87   0.05   0.01   0.01 -128.68   8.05  -5.10  -5.10 -0.10 
  1.75   0.36  -9.92   0.03  -0.00   0.00 -125.20   8.08  -5.08  -5.08 -0.08 
  1.75   0.33  -9.81  -0.00   0.01   0.02 -128.50   8.08  -5.06  -5.06 0.06 
  1.71   0.05  -9.89   0.01   0.03   0.01 -127.22   8.06  -5.05  -5.05 -0.09 
  1.72   0.34  -9.83  -0.03  -0.02  -0.00 -126.23   8.04  -5.06  -5.06 0.05 
  1.71   0.31 -10.28  -0.00  -0.01  -0.01 -128.50   8.03  -5.04  -5.04 -0.20 
  1.84   0.41  -9.74  -0.05  -0.03  -0.00 -124.64   8.02  -5.05  -5.05 -0.20 
  1.70   0.19  -9.85  -0.01  -0.01   0.01 -128.56   8.01  -5.05  -5.05 -0.02 
  1.68   0.11  -9.82  -0.01   0.02   0.02 -127.72   8.03  -5.03  -5.03 0.10 
  1.71   0.29  -9.84  -0.01  -0.01   0.01 -123.96   8.03  -5.03  -5.03 0.09 
  1.67   0.24  -9.97  -0.02  -0.01  -0.03 -128.41   8.02  -5.03  -5.03 -0.22 
  1.75   0.14  -9.85  -0.01   0.00  -0.01 -125.84   8.03  -5.01  -5.01 -0.15 
  1.77   0.61  -9.76  -0.08  -0.01  -0.05 -128.58   7.99  -5.02  -5.02 -0.25 
  1.70   0.32  -9.90   0.00  -0.04  -0.01 -128.59   7.99  -5.03  -5.03 -0.19 
  2.00   0.28  -9.75   0.10   0.03  -0.01 -125.08   8.12  -5.08  -5.08 -0.14 
  1.92   0.44  -9.83   0.15   0.12   0.00 -128.54   8.16  -5.04  -5.04 -0.07 
  1.85   0.33 -10.87  -0.04  -0.16   0.55 -127.15   8.11  -5.04  -5.04 0.10 
  1.43   0.69 -12.47   1.14   0.81   0.98 -124.51   8.71  -4.34  -4.34 -0.02 
  1.99  -1.14  -8.05   0.34   0.07   1.38 -124.73   8.61  -4.51  -4.51 -0.28 
  3.15   1.68 -10.87  -0.40   0.57   1.25 -118.60   8.40  -4.42  -4.42 0.03 
  1.74   1.25 -10.58   0.17  -0.10   2.83 -118.90   8.40  -4.71  -4.71 0.11 
  1.81  -3.10  -8.70   0.40  -0.42   3.02 -112.62   8.23  -5.33  -5.33 0.00 
  1.07  -2.43  -9.94   0.09   0.03   0.66 -104.91   8.31  -5.51  -5.51 -0.17 
  1.42   0.93 -11.66   0.28   0.32   1.14 -105.55   8.10  -5.21  -5.21 -0.18 
  1.49  -2.98  -7.81   0.15   2.28   3.26 -101.62   8.28  -5.11  -5.11 -0.11 
  1.35  -2.15 -11.02   0.84  -0.56   1.22 -98.70   8.43  -5.22  -5.22 -0.41 
  1.89  -1.42 -10.34  -0.47   0.23  -0.20 -97.42   8.19  -5.07  -5.07 0.17 
  2.63   0.23  -9.65  -0.67   0.18   1.25 -93.51   7.55  -5.05  -5.05 -0.05 
  1.01  -3.48  -9.40  -0.65   0.83   3.41 -94.02   7.15  -4.94  -4.94 0.11 
  2.13  -0.18  -9.06  -0.18   0.03   2.14 -87.94   6.85  -5.22  -5.22 -0.48 
  0.99  -2.84 -10.59  -0.10  -0.39   1.92 -81.75   6.79  -5.44  -5.44 -0.18 
  0.21  -3.67 -10.05  -0.03  -0.09   1.69 -79.26   6.70  -5.52  -5.52 -0.03 
  1.04  -3.02  -9.61   0.13  -0.45   1.53 -73.24   6.52  -5.66  -5.66 -0.30 
 -0.23  -3.32  -9.51  -0.05  -0.05   1.06 -71.12   6.43  -5.82  -5.82 -0.13 
 -0.47  -3.90 -11.27   0.07   0.19   1.18 -67.32   6.46  -5.58  -5.58 -0.13 
 -0.34  -4.80  -9.60  -0.24   0.17   1.03 -63.57   6.45  -5.75  -5.75 0.06 
 -2.31  -4.29  -8.97   0.37  -0.08   1.61 -61.23   6.47  -5.83  -5.83 -0.16 
  0.07  -1.68  -9.68   0.23  -0.13   0.82 -57.01   6.56  -5.88  -5.88 -0.06 
 -1.52  -3.27  -8.73   0.52  -0.43   1.10 -53.89   6.59  -6.27  -6.27 -0.30 
  1.05   0.24 -10.59  -0.39   0.52   1.50 -50.41   6.38  -6.03  -6.03 -0.37 
 -2.87  -2.91  -6.88  -0.39   0.27   0.62 -45.69   6.08  -6.09  -6.09 0.03 
  0.82  -2.37  -9.64  -0.25   0.49   0.93 -42.19   5.82  -5.95  -5.95 0.03 
 -2.02  -3.67  -9.70  -0.37   0.36   0.78 -38.89   5.57  -5.83  -5.83 -0.19 
  0.12  -2.02  -9.07  -0.46   0.12   0.96 -35.16   5.23  -5.87  -5.87 0.01 
 -0.82  -2.05 -10.40  -0.38   0.13   0.91 -29.26   4.92  -5.77  -5.77 0.07 
  0.02  -2.17  -9.22  -0.44   0.36   1.17 -26.68   4.62  -5.76  -5.76 -0.02 
 -1.10  -0.80 -10.34  -0.49  -0.01   0.78 -14.94   4.28  -5.75  -5.75 -0.26 
 -0.49  -1.10  -9.69  -0.24   0.07   0.71  -8.10   4.10  -5.77  -5.77 -0.15 
 -1.32  -1.21 -10.76  -0.28  -0.05   0.67  -9.78   3.92  -5.74  -5.74 0.13 
 -0.37  -0.56 -10.18  -0.11  -0.21   0.82   5.37   3.90  -5.93  -5.93 -0.06 
 -1.17  -0.14  -9.45  -0.00  -0.12   0.84   5.10   3.76  -6.06  -6.06 0.04 
 -0.29  -0.28 -10.09   0.25  -0.28   0.94  12.98   3.91  -6.29  -6.29 0.06 
 -1.29  -0.12  -9.69  -0.16  -0.19   0.71  21.37   3.77  -6.45  -6.45 0.13 
 -0.80  -0.14  -8.89  -0.17   0.08   0.86  13.84   3.58  -6.53  -6.53 -0.09 
 -0.68   1.28 -10.63  -0.24   0.12   0.51  35.02   3.35  -6.43  -6.43 0.22 
 -1.51  -0.61  -9.77  -0.15   0.07   0.59  39.04   3.22  -6.44  -6.44 -0.14 
  0.13   0.33 -10.51  -0.33   0.26   1.40  41.92   3.07  -6.36  -6.36 -0.06 
 -1.25   0.71  -9.66  -0.09   0.01   0.77  64.60   2.95  -6.36  -6.36 -0.18 
 -1.03  -0.04  -9.83   0.06   0.00   0.77  63.39   2.92  -6.42  -6.42 0.41 
 -1.19   0.52 -10.79  -0.05  -0.10   0.16  80.25   2.92  -6.44  -6.44 -0.01 
  0.35   1.22  -9.75  -0.02  -0.15   0.29  79.28   2.90  -6.51  -6.51 0.29 
 -2.20   0.08  -9.75   0.03  -0.08  -0.13  73.58   2.90  -6.49  -6.49 -0.12 
 -0.18   0.40 -10.41   0.05  -0.01   0.29  81.64   2.96  -6.45  -6.45 0.07 
 -1.17   0.94  -9.85  -0.07  -0.06  -0.03  77.89   2.90  -6.48  -6.48 0.10 
 -0.77   0.15 -10.15   0.06   0.03   0.65  81.92   2.88  -6.49  -6.49 -0.03 
 -1.04   0.32 -10.55  -0.02   0.01   0.36  89.29   2.86  -6.45  -6.45 -0.38 
 -0.68   0.20  -9.70  -0.02  -0.03   0.55  82.14   2.82  -6.48  -6.48 0.15 
 -0.38   1.14  -9.64  -0.13   0.08   0.45  97.10   2.70  -6.50  -6.50 0.15 
 -0.56   0.87 -10.05   0.06   0.17   0.75  99.05   2.65  -6.40  -6.40 0.11 
  0.10   0.22 -10.51  -0.01   0.18   0.78 106.28   2.66  -6.34  -6.34 0.08 
 -0.47   0.77  -9.45  -0.14   0.47   1.09 117.53   2.47  -6.08  -6.08 0.03 
 -0.27   0.17 -10.40   0.02   0.30   1.16 124.15   2.47  -5.88  -5.88 0.06 
  1.85   1.83  -9.60  -0.22   0.42   1.28 135.11   2.48  -5.51  -5.51 -0.12 
  0.53   1.49  -9.75  -0.02   0.28   0.67 142.13   2.35  -5.28  -5.28 -0.11 
  0.65   0.14  -9.38  -0.27   0.27   0.59 148.19   2.23  -5.25  -5.25 0.22 
  1.50   0.65 -10.38  -0.07   0.33   0.54 147.64   2.21  -5.12  -5.12 0.01 
  1.04   0.40  -9.92  -0.08  -0.13   0.20 150.63   2.17  -5.23  -5.23 0.17 
  0.22   0.65  -9.66  -0.01  -0.09   0.31 150.85   2.14  -5.33  -5.33 0.06 
  2.02   2.04 -10.39  -0.10  -0.23  -0.14 151.72   2.11  -5.38  -5.38 0.23 
 -0.00   0.15  -9.40   0.01  -0.42  -0.81 152.28   2.24  -5.72  -5.72 0.08 
 -0.92  -0.59  -9.59   0.35  -0.56  -2.30 146.19   2.44  -5.98  -5.98 -0.23 
  0.89   3.48 -10.89   0.51  -0.73  -3.48 134.82   2.87  -6.24  -6.24 0.00 
 -3.04  -1.69  -9.42   0.84  -0.58  -3.84 109.78   3.34  -6.41  -6.41 0.19 
  1.01   6.61  -9.36   0.79  -0.67  -3.57  68.19   3.89  -6.62  -6.62 0.00 
 -1.83  -3.71  -9.04  -0.11  -0.04  -2.00  13.37   4.11  -6.82  -6.82 -0.30 
 -1.71   0.09  -9.97   0.62   0.35  -1.68   4.95   4.50  -6.69  -6.69 -0.26 
 -2.50  -2.02 -10.22   0.34  -0.59  -3.02  -8.39   4.98  -6.69  -6.69 -0.21 
 -1.51  -0.21 -10.09   0.62  -0.38  -2.89 -26.88   5.74  -6.47  -6.47 0.03 
 -0.89  -3.12  -8.26   0.64   0.42  -2.26 -37.80   6.05  -6.45  -6.45 -0.18 
 -0.06  -0.14 -11.47   0.12   0.26  -2.67 -46.42   6.34  -6.09  -6.09 -0.19 
 -0.13  -3.67  -9.07   0.07   0.42  -1.36 -54.31   6.26  -5.86  -5.86 -0.05 
  1.44  -0.82  -9.40   0.16   0.07  -2.19 -60.14   6.32  -5.73  -5.73 0.15 
  0.83  -9.19 -11.24  -0.86   0.23  -3.16 -63.12   6.18  -5.34  -5.34 -0.02 
  0.80   1.22  -9.39   1.19  -0.33  -4.47 -75.04   7.00  -5.39  -5.39 -0.08 
  1.52  -4.49  -9.29   0.06   0.79  -3.45 -83.24   7.34  -5.03  -5.03 0.11 
  2.37   0.00 -11.33  -0.29  -0.84  -3.05 -92.23   7.25  -4.91  -4.91 -0.05 
  2.20  -2.22  -8.22  -0.28  -0.96  -3.28 -99.31   6.74  -5.60  -5.60 -0.01 
  1.53   0.31 -12.51  -0.30  -0.07  -2.13 -100.74   7.21  -5.17  -5.17 0.15 
  2.77   0.85  -7.42  -1.05  -1.97  -1.09 -109.14   6.53  -6.27  -6.27 -0.33 
  0.37   0.35 -11.69  -1.31   0.62   0.81 -109.24   5.99  -6.10  -6.10 0.15 
  0.72  -2.60  -8.91   0.50   1.06  -0.27 -107.09   6.47  -5.86  -5.86 0.20 
  1.18  -0.06  -9.33  -1.87  -1.35  -1.03 -111.70   5.17  -6.55  -6.55 0.09 
 -1.15   0.86  -7.80  -1.46  -0.80  -3.25 -111.40   5.29  -7.04  -7.04 0.08 
 -0.39   3.33 -12.23  -0.48  -0.30  -1.05 -117.09   5.05  -7.06  -7.06 0.15 
 -2.06  -0.35 -11.83  -0.39   0.29  -5.70 -122.22   5.08  -6.20  -6.20 0.05 
 -4.85   3.26 -11.60  -0.06   2.12  -7.17 -128.20   4.88  -4.17  -4.17 -0.07 
 -0.79   4.14  -5.95  -4.20   1.83   1.18 -150.21   4.43  -3.85  -3.85 -0.15 
  2.80   1.31  -8.50   1.20   0.71  -0.23 -153.10   6.13  -3.52  -3.52 0.01 
  0.53   2.89  -9.17  -0.69   1.23  -1.29 -151.30   5.93  -3.14  -3.14 -0.18 
 -3.39   1.21  -8.39  -0.67  -0.46  -2.94 -157.59   5.75  -2.49  -2.49 -0.33 
 -0.31   3.56 -10.05  -0.09   0.33  -0.63 -157.59   5.62  -2.22  -2.22 -0.03 
  1.24   2.14  -8.24   0.09  -0.28  -0.95 -165.55   5.76  -2.33  -2.33 -0.18 
  1.63   3.51  -9.07   0.18   0.09  -1.28 -167.08   5.43  -2.10  -2.10 -0.09 
 -2.15  -0.08 -12.30  -0.42   0.82  -0.01 -163.45   5.32  -1.79  -1.79 0.01 
 -2.80   4.94 -11.36  -0.55   1.22  -0.43 -170.14   4.65  -1.35  -1.35 0.17 
  0.04  -0.13  -8.58   0.93  -1.42  -1.15 -168.77   5.41  -1.98  -1.98 -0.10 
  0.57   2.79  -8.25  -0.48  -1.28  -2.28 -172.93   5.34  -2.04  -2.04 -0.09 
 -2.78   2.08 -10.56  -0.25  -0.97  -3.46 -179.73   5.28  -2.08  -2.08 0.24 
 -2.20   2.61  -9.32  -1.91   0.98  -4.74 178.25   4.22  -1.29  -1.29 0.21 
 -3.62   5.64  -6.85  -0.32   0.52  -2.02 157.50   4.08  -1.27  -1.27 0.15 
 -3.42   0.23  -9.03  -0.05   0.64  -2.89 151.39   4.36  -1.09  -1.09 0.14 
 -4.22  -0.32  -9.81   1.33  -0.49  -5.33 141.18   3.59  -0.65  -0.65 -0.01 
 -4.84   0.83 -11.44  -0.65  -1.08  -1.16 120.09   3.18  -0.46  -0.46 -0.27 
 -1.74   0.09  -8.40  -1.22  -0.09  -3.06 103.79   2.58   0.19   0.19 0.08 
 -4.33  -0.33 -10.81   0.24   0.01  -2.07  91.16   2.84   0.58   0.58 -0.20 
 -2.98  -0.36  -9.49  -0.34   0.60  -1.76  77.65   2.48   0.77   0.77 -0.10 
 -3.49  -0.79  -9.12  -0.04  -0.71  -1.12  55.48   2.14   0.53   0.53 -0.20 
 -2.65  -0.30  -9.72  -0.24   0.35  -0.72  51.87   2.12   0.59   0.59 0.12 
 -2.96  -1.42  -9.47  -0.36   0.14  -0.87  41.07   1.84   0.90   0.90 -0.12 
 -2.60   0.28  -9.75  -0.21   0.50  -0.57  37.30   1.85   1.04   1.04 -0.03 
 -2.91  -0.50  -9.50  -0.14  -0.07  -0.49  37.71   1.75   1.09   1.09 0.30 
 -3.14   0.18  -9.56  -0.12   0.08  -0.45  24.69   1.82   1.09   1.09 -0.15 
 -2.62  -0.88  -9.48  -0.00  -0.02   0.06  31.83   1.79   1.07   1.07 -0.15 
 -3.00   0.15  -9.70  -0.04  -0.01  -0.14  29.71   1.86   0.97   0.97 -0.16 
 -3.10  -0.08  -9.63   0.22  -0.14   0.24  21.65   1.99   0.87   0.87 0.02 
 -2.70   0.37  -9.56   0.40  -0.22   0.79  31.46   2.34   0.63   0.63 0.13 
 -3.59   1.34  -8.75   1.07  -1.32   2.98  27.74   3.61  -0.32  -0.32 -0.45 
 -5.52  -1.48 -10.98  -0.16   0.04   1.56  53.12   3.35  -0.25  -0.25 0.01 
 -3.50   0.80  -8.80  -0.32   0.26   2.91  67.54   3.14  -0.15  -0.15 0.07 
 -5.37  -0.81  -8.30   0.71  -0.04   2.96  80.72   3.80  -0.09  -0.09 -0.07 
 -3.89   4.17 -10.02  -0.37   2.02   3.50 115.48   3.51   1.08   1.08 0.19 
 -2.85   0.54 -10.20  -0.90   1.61   2.92 138.98   3.23   1.86   1.86 0.11 
 -1.27   3.00  -9.92  -0.75  -0.54   2.18 151.73   2.57   1.56   1.56 -0.11 
 -1.15   2.85  -9.48  -0.83   1.14   1.74 154.82   2.36   1.99   1.99 -0.21 
  1.88   3.39  -7.20   0.08   0.05   2.93 163.20   2.29   1.39   1.39 -0.14 
 -0.73   0.36 -11.23   0.18  -0.77  -0.14 165.38   1.84   1.49   1.49 0.14 
 -0.36   4.49  -9.43   0.02  -1.56   0.81 165.67   1.81   0.84   0.84 0.36 
  1.73   6.14  -7.67  -0.02  -0.87   3.26 171.29   1.95   0.40   0.40 -0.12 
  2.06   2.76  -9.39   0.49  -0.00   2.75 175.38   2.26   0.21   0.21 -0.11 
 -1.63   0.65  -8.75   1.17  -0.32   2.23 -176.09   2.98  -0.07  -0.07 0.21 
  0.65   1.13  -8.61   1.23  -1.28   0.01 -176.61   4.30  -1.39  -1.39 -0.17 
 -1.19  -0.09 -12.41  -0.18  -0.13   1.35 -177.49   4.32  -1.18  -1.18 0.01 
 -0.11   1.46  -9.70   0.43   1.03  -1.64 -173.64   4.56  -0.41  -0.41 -0.19 
 -1.07   4.30  -9.79  -0.03   0.76  -0.40 179.04   4.40  -0.05  -0.05 0.12 
 -1.16   3.20  -8.55   0.29   0.54   1.19 -177.62   4.94   0.53   0.53 -0.01 
 -0.71   0.17  -7.20   1.43   0.73   2.11 -174.61   5.88   0.66   0.66 0.19 
  3.20  -3.94  -9.88   1.22   0.11   1.70 -177.07   6.54   0.79   0.79 -0.06 
  2.62  -3.17  -8.48   1.77   0.24   0.46 -171.62   7.34   0.59   0.59 -0.23 
  3.38  -7.52 -10.31   0.52  -1.30  -1.61 -174.55   7.07   0.36   0.36 0.02 
  2.75  -3.15 -11.10   1.24   0.03  -1.02 -179.57   7.47   0.28   0.28 0.22 
  0.98  -1.87 -11.62  -0.27  -1.60   0.24 178.01   7.13  -0.54  -0.54 0.16 
  0.99  -0.88 -10.96  -0.64   0.20   1.42 -174.59   6.29  -0.61  -0.61 -0.05 
 -1.13  -3.58 -10.46  -0.63   0.29   1.59 -49.41   6.23  -0.46  -0.46 -0.13 
  1.25  -2.26  -8.91  -1.34   1.25   2.93  48.53   5.58   0.35   0.35 0.00 
 -0.96  -0.77  -8.03  -0.73  -1.30   2.14 118.55   5.36  -0.67  -0.67 -0.14 
 -0.85  -0.60 -10.96  -0.35   0.51   0.94  93.21   4.96  -0.13  -0.13 0.35 
  0.94  -1.96  -9.45  -0.98   2.02   0.77  70.51   4.95   0.23   0.23 -0.15 
  0.12  -0.46  -9.25  -0.94  -0.85  -0.08  65.02   4.15   0.38   0.38 -0.11 
 -1.33   6.18  -3.37  -2.20  -4.85   0.18  49.77   2.88   0.24   0.24 -0.01 
  0.17   1.38  -9.73  -0.13   0.01  -0.08 -58.43   2.87   0.24   0.24 0.02 
  0.83   2.30  -9.87  -0.05  -0.05   0.31 -57.24   2.81   0.14   0.14 0.16 
 -0.93   0.58 -10.00   0.15  -0.13   0.74 -51.67   2.87   0.09   0.09 -0.24 
  0.03   1.48  -9.84  -0.05  -0.00   0.02 -45.41   2.88   0.09   0.09 -0.04 
 -0.04   1.57  -9.88   0.00   0.00   0.00 -44.80   2.88   0.09   0.09 0.05 
 -0.01   1.52  -9.87   0.01   0.00   0.00 -44.63   2.88   0.09   0.09 -0.01 
 -0.01   1.51  -9.84  -0.00   0.00   0.00 -44.56   2.88   0.09   0.09 0.13 
 -0.01   1.52  -9.86  -0.00   0.00   0.00 -44.53   2.88   0.09   0.09 0.17 
  0.00   1.51  -9.87  -0.00   0.00   0.00 -44.56   2.88   0.09   0.09 0.07 
 -0.01   1.54  -9.87  -0.00   0.00   0.00 -44.46   2.88   0.10   0.10 -0.15 
 -0.01   1.51  -9.85  -0.00   0.00  -0.00 -44.53   2.88   0.10   0.10 -0.38 
 -0.03   1.50  -9.88  -0.00   0.00   0.00 -44.54   2.88   0.10   0.10 0.00 
 -0.03   1.51  -9.87  -0.00   0.00   0.00 -44.57   2.88   0.10   0.10 -0.01 
  0.02   1.51  -9.87  -0.00   0.00   0.00 -44.51   2.88   0.10   0.10 0.13 
 -0.01   1.52  -9.84  -0.00   0.00  -0.00 -44.56   2.87   0.10   0.10 -0.11 
 -0.01   1.55  -9.87   0.01   0.00   0.00 -44.51   2.87   0.10   0.10 -0.22 
 -0.01   1.52  -9.87   0.00   0.00   0.00 -44.47   2.87   0.10   0.10 0.22 
  0.01   1.52  -9.88  -0.00   0.00   0.00 -44.51   2.87   0.10   0.10 -0.19 
 -0.01   1.52  -9.87  -0.00   0.00   0.00 -44.51   2.87   0.10   0.10 -0.29 
 -0.01   1.51  -9.86  -0.00   0.00   0.00 -44.51   2.87   0.10   0.10 -0.02 
  0.00   1.51  -9.88  -0.00   0.00   0.00 -44.54   2.87   0.10   0.10 0.03 
 -0.01   1.52  -9.86  -0.00   0.00   0.00 -44.48   2.87   0.11   0.11 -0.34 
 -0.01   1.50  -9.87  -0.00   0.00   0.00 -44.53   2.87   0.11   0.11 0.05 
  0.01   1.51  -9.88  -0.00   0.00   0.00 -44.49   2.87   0.11   0.11 0.11 
  0.00   1.51  -9.90  -0.00   0.00   0.00 -44.53   2.87   0.11   0.11 -0.36 
 -0.00   1.53  -9.89  -0.00   0.00   0.00 -44.57   2.87   0.11   0.11 -0.31 
  0.00   1.51  -9.87  -0.00   0.00   0.00 -44.49   2.87   0.11   0.11 -0.34 
 -0.01   1.51  -9.86  -0.00   0.00   0.00 -44.45   2.87   0.11   0.11 0.25 
 -0.02   1.51  -9.88  -0.00   0.00   0.00 -44.46   2.87   0.11   0.11 0.26 
 -0.01   1.52  -9.88   0.00   0.00   0.00 -44.43   2.87   0.11   0.11 -0.02 

