734.5 791.4591559026164 0 
734.7000122070312 791.6877507890794 0.1 
735.0 791.9151081627158 0.2 
734.7999877929688 792.1411365679886 0.30000000000000004 
734.3999633789062 792.3657447372418 0.4 
734.5999755859375 792.5888416272916 0.5 
735.0 792.8103364559635 0.6 
734.7999877929688 793.0301387385583 0.7 
734.7000122070312 793.2481583242337 0.7999999999999999 
734.7999877929688 793.4643054322869 0.8999999999999999 
734.5999755859375 793.6784906883228 0.9999999999999999 
734.3999633789062 793.890625160295 1.0999999999999999 
734.5999755859375 794.1006203944033 1.2 
734.2000122070312 794.3083884508343 1.3 
734.2999877929688 794.5138419393302 1.4000000000000001 
734.2999877929688 794.716894054573 1.5000000000000002 
734.2999877929688 794.9174586113678 1.6000000000000003 
734.2999877929688 795.1154500796124 1.7000000000000004 
734.3999633789062 795.310783619039 1.8000000000000005 
734.7000122070312 795.5033751137134 1.9000000000000006 
734.3999633789062 795.6931412062798 2.0000000000000004 
734.5 795.8799993319337 2.1000000000000005 
734.7000122070312 796.0638677521135 2.2000000000000006 
734.2999877929688 796.2446655878945 2.3000000000000007 
735.0 796.4223128530728 2.400000000000001 
735.7999877929688 796.5967304869254 2.500000000000001 
736.0 796.7678403866345 2.600000000000001 
737.2000122070312 796.9355654393605 2.700000000000001 
739.2999877929688 797.099829553954 2.800000000000001 
742.0 797.2605576922911 2.9000000000000012 
745.2999877929688 797.4176759002213 3.0000000000000013 
747.8999633789062 797.5711113381144 3.1000000000000014 
752.0 797.7207923109955 3.2000000000000015 
755.5999755859375 797.8666482982534 3.3000000000000016 
758.3999633789062 798.0086099829136 3.4000000000000017 
761.5999755859375 798.1466092804616 3.5000000000000018 
765.2999877929688 798.2805793672057 3.600000000000002 
768.0 798.4104547081687 3.700000000000002 
770.8999633789062 798.5361710844953 3.800000000000002 
773.0999755859375 798.6576656203664 3.900000000000002 
775.2999877929688 798.7748768094071 4.000000000000002 
778.0999755859375 798.8877445405798 4.100000000000001 
779.7000122070312 798.9962101235504 4.200000000000001 
781.8999633789062 799.1002163135186 4.300000000000001 
783.7999877929688 799.1997073355002 4.4 
785.2000122070312 799.2946289080546 4.5 
787.2999877929688 799.3849282664448 4.6 
788.5 799.4705541852221 4.699999999999999 
789.7000122070312 799.5514570002271 4.799999999999999 
791.0999755859375 799.6275886299951 4.899999999999999 
792.0 799.6989025965612 4.999999999999998 
793.5999755859375 799.7653540456528 5.099999999999998 
793.7999877929688 799.8268997662639 5.1999999999999975 
795.0 799.8834982096018 5.299999999999997 
796.0 799.9351095073999 5.399999999999997 
797.0 799.9816954895867 5.4999999999999964 
797.0999755859375 800.023219701306 5.599999999999996 
798.0 800.0596474192806 5.699999999999996 
798.7000122070312 800.090945667513 5.799999999999995 
799.5 800.1170832323148 5.899999999999995 
800.7000122070312 800.1380306766624 5.999999999999995 
801.0999755859375 800.1537603538688 6.099999999999994 
802.5 800.1642464205693 6.199999999999994 
803.0999755859375 800.1694648490128 6.299999999999994 
804.0 800.1693934386569 6.399999999999993 
804.0999755859375 800.1640118270586 6.499999999999993 
805.2999877929688 800.1533015000581 6.5999999999999925 
805.2999877929688 800.137245801251 6.699999999999992 
806.5 800.1158299407446 6.799999999999992 
806.7999877929688 800.0890410031948 6.8999999999999915 
807.2999877929688 800.0568679551202 6.999999999999991 
807.8999633789062 800.0193016514904 7.099999999999991 
808.2000122070312 799.976334841585 7.19999999999999 
808.5 799.9279621741213 7.29999999999999 
808.8999633789062 799.874180201649 7.39999999999999 
809.2000122070312 799.8149873842084 7.499999999999989 
809.5 799.7503840922514 7.599999999999989 
809.5 799.680372608824 7.699999999999989 
810.2000122070312 799.6049571310091 7.799999999999988 
810.0999755859375 799.5241437706278 7.899999999999988 
810.0 799.4379405542007 7.999999999999988 
809.7000122070312 799.3463574221669 8.099999999999987 
810.0999755859375 799.2494062273614 8.199999999999987 
810.2000122070312 799.1471007327532 8.299999999999986 
810.2999877929688 799.0394566084403 8.399999999999986 
810.0999755859375 798.9264914279088 8.499999999999986 
810.0999755859375 798.80822466355 8.599999999999985 
809.5999755859375 798.6846776814448 8.699999999999985 
809.5 798.5558737354098 8.799999999999985 
809.5 798.4218379603136 8.899999999999984 
809.2000122070312 798.282597364661 8.999999999999984 
809.2000122070312 798.1381808224505 9.099999999999984 
808.7000122070312 797.9886190643073 9.199999999999983 
808.7999877929688 797.8339446678943 9.299999999999983 
808.7000122070312 797.6741920476069 9.399999999999983 
808.2000122070312 797.509397443552 9.499999999999982 
807.7000122070312 797.3395989098187 9.599999999999982 
807.0 797.1648363020438 9.699999999999982 
807.3999633789062 796.985151264275 9.799999999999981 
806.5999755859375 796.8005872151413 9.89999999999998 
805.8999633789062 796.6111893333297 9.99999999999998 
806.5999755859375 796.41700454238 10.09999999999998 
806.0999755859375 796.218081494799 10.19999999999998 
805.8999633789062 796.0144705555015 10.29999999999998 
804.8999633789062 795.8062237845858 10.399999999999979 
804.5999755859375 795.5933949194479 10.499999999999979 
804.2999877929688 795.3760393562437 10.599999999999978 
804.0999755859375 795.1542141307041 10.699999999999978 
803.5 794.9279778983118 10.799999999999978 
802.8999633789062 794.6973909138475 10.899999999999977 
803.2000122070312 794.4625150103113 10.999999999999977 
802.3999633789062 794.2234135772318 11.099999999999977 
801.7999877929688 793.9801515383655 11.199999999999976 
802.0 793.7327953288 11.299999999999976 
801.5999755859375 793.4814128714678 11.399999999999975 
801.7999877929688 793.2260735530792 11.499999999999975 
801.7999877929688 792.9668481994847 11.599999999999975 
801.0 792.7038090504767 11.699999999999974 
801.0999755859375 792.4370297340389 11.799999999999974 
800.7999877929688 792.1665852400545 11.899999999999974 
800.0 791.8925518934831 11.999999999999973 
800.2000122070312 791.6150073270168 12.099999999999973 
799.8999633789062 791.3340304532252 12.199999999999973 
799.5999755859375 791.0497014362026 12.299999999999972 
799.2000122070312 790.7621016627245 12.399999999999972 
800.2000122070312 790.4713137129291 12.499999999999972 
799.0999755859375 790.1774213305314 12.599999999999971 
799.0999755859375 789.8805093925835 12.69999999999997 
799.3999633789062 789.5806638787924 12.79999999999997 
799.0 789.277971840408 12.89999999999997 
798.7000122070312 788.9725213686913 12.99999999999997 
798.0 788.6644015629777 13.09999999999997 
798.2999877929688 788.3537024983456 13.199999999999969 
797.7999877929688 788.0405151929048 13.299999999999969 
797.3999633789062 787.7249315747162 13.399999999999968 
797.5999755859375 787.4070444483558 13.499999999999968 
797.2000122070312 787.0869474611368 13.599999999999968 
796.3999633789062 786.7647350690017 13.699999999999967 
796.5999755859375 786.4405025021001 13.799999999999967 
796.0 786.1143457300616 13.899999999999967 
795.3999633789062 785.7863614269819 13.999999999999966 
794.5 785.4566469361329 14.099999999999966 
794.5999755859375 785.1253002344108 14.199999999999966 
794.0999755859375 784.7924198965376 14.299999999999965 
793.8999633789062 784.458105059028 14.399999999999965 
793.2000122070312 784.1224553839372 14.499999999999964 
792.5999755859375 783.785571022404 14.599999999999964 
791.8999633789062 783.4475525780014 14.699999999999964 
791.0 783.1085010699109 14.799999999999963 
790.5999755859375 782.7685178959351 14.899999999999963 
790.3999633789062 782.4277047953617 14.999999999999963 
789.7000122070312 782.0861638116934 15.099999999999962 
789.2000122070312 781.7439972552604 15.199999999999962 
788.7999877929688 781.4013076657271 15.299999999999962 
787.7000122070312 781.0581977745101 15.399999999999961 
787.0999755859375 780.714770467121 15.499999999999961 
786.7999877929688 780.3711287454487 15.59999999999996 
786.2999877929688 780.0273756899966 15.69999999999996 
785.7000122070312 779.6836144220891 15.79999999999996 
785.0 779.3399480660615 15.89999999999996 
784.7999877929688 778.9964797114494 15.99999999999996 
784.2999877929688 778.6533123751916 16.09999999999996 
783.7000122070312 778.3105489638612 16.19999999999996 
783.3999633789062 777.9682922359393 16.29999999999996 
782.8999633789062 777.6266447641485 16.399999999999963 
783.2000122070312 777.2857088978562 16.499999999999964 
782.2999877929688 776.9455867255679 16.599999999999966 
782.3999633789062 776.6063800375202 16.699999999999967 
781.3999633789062 776.2681902883926 16.79999999999997 
780.7999877929688 775.9311185601483 16.89999999999997 
781.2000122070312 775.595265525022 16.99999999999997 
780.7999877929688 775.2607314086679 17.099999999999973 
780.3999633789062 774.9276159534813 17.199999999999974 
780.5999755859375 774.59601838211 17.299999999999976 
779.7999877929688 774.266037361168 17.399999999999977 
779.0999755859375 773.9377709651677 17.49999999999998 
778.7000122070312 773.611316640682 17.59999999999998 
778.5 773.2867711707529 17.69999999999998 
777.8999633789062 772.9642306395585 17.799999999999983 
777.8999633789062 772.6437903973545 17.899999999999984 
778.0999755859375 772.3255450257003 17.999999999999986 
778.0999755859375 772.0095883029876 18.099999999999987 
777.0999755859375 771.6960131702814 18.19999999999999 
776.3999633789062 771.3849116974886 18.29999999999999 
776.2999877929688 771.0763750498668 18.39999999999999 
776.0 770.7704934548863 18.499999999999993 
775.7000122070312 770.4673561694592 18.599999999999994 
775.8999633789062 770.1670514475463 18.699999999999996 
775.0999755859375 769.8696665081569 18.799999999999997 
774.5999755859375 769.5752875037517 18.9 
774.0999755859375 769.283999489063 19.0 
774.0 768.9958863903432 19.1 
773.7000122070312 768.711030975054 19.200000000000003 
773.7000122070312 768.4295148220074 19.300000000000004 
773.2999877929688 768.1514182919718 19.400000000000006 
772.5 767.8768204987525 19.500000000000007 
772.5 767.6057992807597 19.60000000000001 
771.8999633789062 767.3384311730734 19.70000000000001 
772.0 767.0747913800177 19.80000000000001 
771.2000122070312 766.8149537482537 19.900000000000013 
770.8999633789062 766.5589907404029 20.000000000000014 
770.5999755859375 766.306973409209 20.100000000000016 
770.3999633789062 766.0589713722519 20.200000000000017 
770.0 765.815052787219 20.30000000000002 
769.7000122070312 765.5752843277476 20.40000000000002 
769.7000122070312 765.3397311598455 20.50000000000002 
769.2999877929688 765.1084569188989 20.600000000000023 
769.0 764.8815236872772 20.700000000000024 
768.2999877929688 764.658991972544 20.800000000000026 
768.5 764.4409206862803 20.900000000000027 
768.2999877929688 764.2273671235309 21.00000000000003 
768.0999755859375 764.0183869428802 21.10000000000003 
767.3999633789062 763.8140341471651 21.20000000000003 
767.3999633789062 763.6143610648339 21.300000000000033 
766.5 763.4194183319559 21.400000000000034 
766.3999633789062 763.2292548748907 21.500000000000036 
766.0999755859375 763.0439178936238 21.600000000000037 
765.7000122070312 762.8634528457726 21.70000000000004 
765.7000122070312 762.6879034312724 21.80000000000004 
764.8999633789062 762.5173115777441 21.90000000000004 
765.2000122070312 762.3517174265538 22.000000000000043 
764.2000122070312 762.1911593195656 22.100000000000044 
764.0999755859375 762.0356737865945 22.200000000000045 
764.2000122070312 761.8852955335647 22.300000000000047 
764.0 761.7400574313752 22.40000000000005 
763.7000122070312 761.5999905054813 22.50000000000005 
763.0 761.4651239261899 22.60000000000005 
762.8999633789062 761.3354849996784 22.700000000000053 
762.8999633789062 761.211099159736 22.800000000000054 
762.3999633789062 761.0919899602322 22.900000000000055 
762.0 760.9781790683161 23.000000000000057 
761.8999633789062 760.8696862583469 23.10000000000006 
761.2000122070312 760.7665294065591 23.20000000000006 
761.2999877929688 760.6687244864647 23.30000000000006 
760.5999755859375 760.5762855649921 23.400000000000063 
760.5999755859375 760.4892247993654 23.500000000000064 
760.3999633789062 760.407552434723 23.600000000000065 
760.2999877929688 760.331276802478 23.700000000000067 
759.8999633789062 760.2604043194185 23.800000000000068 
759.2999877929688 760.1949394875512 23.90000000000007 
759.2999877929688 760.1348848946843 24.00000000000007 
758.7000122070312 760.080241215753 24.100000000000072 
759.0 760.0310072148832 24.200000000000074 
758.7000122070312 759.9871797481958 24.300000000000075 
758.3999633789062 759.9487537673479 24.400000000000077 
758.0999755859375 759.915722323809 24.500000000000078 
757.3999633789062 759.8880765738735 24.60000000000008 
756.5999755859375 759.8658057844024 24.70000000000008 
756.5999755859375 759.8488973392964 24.800000000000082 
756.5999755859375 759.8373367466938 24.900000000000084 
756.2000122070312 759.8311076468935 25.000000000000085 
755.7000122070312 759.830191820996 25.100000000000087 
755.7000122070312 759.8345692002621 25.200000000000088 
755.2999877929688 759.8442178761842 25.30000000000009 
755.3999633789062 759.8591141112643 25.40000000000009 
755.0 759.8792323504969 25.500000000000092 
754.7000122070312 759.9045452335504 25.600000000000094 
754.3999633789062 759.9350236076419 25.700000000000095 
753.8999633789062 759.9706365411012 25.800000000000097 
753.5999755859375 760.0113513376161 25.900000000000098 
753.2999877929688 760.057133551157 26.0000000000001 
753.8999633789062 760.1079470015699 26.1000000000001 
753.7000122070312 760.1637537908349 26.200000000000102 
752.7000122070312 760.2245143199827 26.300000000000104 
753.2000122070312 760.2901873066609 26.400000000000105 
752.2999877929688 760.3607298033443 26.500000000000107 
752.2999877929688 760.4360972161815 26.600000000000108 
751.7000122070312 760.5162433244692 26.70000000000011 
751.2999877929688 760.6011203007479 26.80000000000011 
750.8999633789062 760.6906787315086 26.900000000000112 
751.5999755859375 760.7848676385046 27.000000000000114 
750.5 760.8836345006571 27.100000000000115 
750.5 760.9869252765477 27.200000000000117 
750.5999755859375 761.0946844274885 27.300000000000118 
750.5999755859375 761.2068549411581 27.40000000000012 
750.5999755859375 761.3233783557976 27.50000000000012 
750.7000122070312 761.4441947849539 27.600000000000122 
750.5999755859375 761.5692429427609 27.700000000000124 
750.2000122070312 761.6984601697496 27.800000000000125 
750.2999877929688 761.8317824591752 27.900000000000126 
750.5 761.9691444838504 28.000000000000128 
750.7000122070312 762.1104796234764 28.10000000000013 
751.5 762.2557199924572 28.20000000000013 
752.5 762.4047964681885 28.300000000000132 
752.3999633789062 762.5576387198084 28.400000000000134 
752.5999755859375 762.7141752373998 28.500000000000135 
753.3999633789062 762.8743333616294 28.600000000000136 
753.8999633789062 763.038039313817 28.700000000000138 
754.3999633789062 763.2052182264162 28.80000000000014 
755.0 763.3757941738999 28.90000000000014 
755.7999877929688 763.5496902040351 29.000000000000142 
756.5 763.7268283695348 29.100000000000144 
757.2000122070312 763.9071297600756 29.200000000000145 
757.2999877929688 764.0905145346657 29.300000000000146 
757.7999877929688 764.2769019543532 29.400000000000148 
758.3999633789062 764.466210415259 29.50000000000015 
759.3999633789062 764.6583574819226 29.60000000000015 
759.2000122070312 764.8532599209464 29.700000000000152 
760.2999877929688 765.0508337349257 29.800000000000153 
760.0999755859375 765.2509941966509 29.900000000000155 
760.2999877929688 765.4536558835666 30.000000000000156 
761.7000122070312 765.6587327124759 30.100000000000158 
761.3999633789062 765.8661379744746 30.20000000000016 
761.3999633789062 766.0757843701019 30.30000000000016 
761.8999633789062 766.287584044693 30.400000000000162 
761.7999877929688 766.501448623919 30.500000000000163 
762.3999633789062 766.7172892495022 30.600000000000165 
762.5999755859375 766.9350166150891 30.700000000000166 
762.7000122070312 767.1545410022692 30.800000000000168 
763.0 767.3757723167244 30.90000000000017 
763.5999755859375 767.5986201244938 31.00000000000017 
763.8999633789062 767.822993688341 31.100000000000172 
764.0 768.0488020042076 31.200000000000173 
764.2000122070312 768.2759538377397 31.300000000000175 
764.8999633789062 768.5043577608714 31.400000000000176 
764.5999755859375 768.733922188452 31.500000000000178 
764.7000122070312 768.9645554149016 31.60000000000018 
764.7999877929688 769.1961656508805 31.70000000000018 
765.2999877929688 769.4286610599572 31.800000000000182 
766.0 769.661949795262 31.900000000000183 
766.2000122070312 769.8959400361086 32.000000000000185 
766.0999755859375 770.1305400245732 32.100000000000186 
765.7999877929688 770.3656581020122 32.20000000000019 
766.3999633789062 770.6012027455067 32.30000000000019 
766.8999633789062 770.8370826042186 32.40000000000019 
766.7999877929688 771.0732065356432 32.50000000000019 
766.5 771.309483641744 32.60000000000019 
766.7000122070312 771.5458233049566 32.700000000000195 
766.8999633789062 771.7821352240449 32.800000000000196 
767.2000122070312 772.0183294497973 32.9000000000002 
767.5999755859375 772.2543164205484 33.0000000000002 
767.3999633789062 772.4900069975108 33.1000000000002 
767.7000122070312 772.7253124999041 33.2000000000002 
767.7999877929688 772.9601447398671 33.3000000000002 
767.8999633789062 773.1944160571383 33.400000000000205 
768.5 773.4280393534921 33.500000000000206 
768.0999755859375 773.6609281269164 33.60000000000021 
768.3999633789062 773.8929965055173 33.70000000000021 
769.0999755859375 774.1241592811396 33.80000000000021 
768.2000122070312 774.3543319426858 33.90000000000021 
768.3999633789062 774.5834307091262 34.00000000000021 
769.0999755859375 774.8113725621802 34.100000000000215 
769.2000122070312 775.0380752786612 34.200000000000216 
769.0 775.26345746247 34.30000000000022 
769.5999755859375 775.4874385762239 34.40000000000022 
769.0999755859375 775.7099389725088 34.50000000000022 
769.0999755859375 775.9308799247435 34.60000000000022 
769.8999633789062 776.1501836576421 34.70000000000022 
769.8999633789062 776.367773377263 34.800000000000225 
770.2000122070312 776.5835733006332 34.900000000000226 
769.7999877929688 776.7975086849358 35.00000000000023 
770.5 777.0095058562481 35.10000000000023 
770.0999755859375 777.2194922378206 35.20000000000023 
770.2999877929688 777.4273963778855 35.30000000000023 
770.8999633789062 777.6331479769815 35.40000000000023 
771.0 777.8366779147873 35.500000000000234 
769.7999877929688 778.0379182764507 35.600000000000236 
771.5 778.2368023784047 35.70000000000024 
772.2000122070312 778.4332647936589 35.80000000000024 
772.3999633789062 778.6272413765562 35.90000000000024 
773.0999755859375 778.8186692869881 36.00000000000024 
773.0 779.0074870140537 36.10000000000024 
773.3999633789062 779.1936343991584 36.200000000000244 
773.8999633789062 779.3770526585396 36.300000000000246 
774.2000122070312 779.5576844052118 36.40000000000025 
773.7999877929688 779.7354736703237 36.50000000000025 
775.0999755859375 779.9103659239162 36.60000000000025 
775.8999633789062 780.0823080950755 36.70000000000025 
776.3999633789062 780.2512485914725 36.80000000000025 
777.5999755859375 780.4171373182808 36.900000000000254 
777.3999633789062 780.5799256964659 37.000000000000256 
778.2000122070312 780.739566680439 37.10000000000026 
777.8999633789062 780.8960147750678 37.20000000000026 
777.5999755859375 781.0492260520379 37.30000000000026 
778.2000122070312 781.1991581655587 37.40000000000026 
779.3999633789062 781.3457703674079 37.50000000000026 
780.0 781.4890235213074 37.600000000000264 
779.7000122070312 781.628880116627 37.700000000000266 
780.0999755859375 781.7653042814093 37.80000000000027 
780.5999755859375 781.8982617947107 37.90000000000027 
780.0999755859375 782.0277200982554 38.00000000000027 
780.5 782.1536483073955 38.10000000000027 
781.3999633789062 782.2760172213749 38.20000000000027 
780.8999633789062 782.394799332892 38.300000000000274 
781.0999755859375 782.5099688369592 38.400000000000276 
781.0 782.621501639053 38.50000000000028 
781.5 782.7293753625553 38.60000000000028 
781.2999877929688 782.8335693554793 38.70000000000028 
780.7999877929688 782.9340646964812 38.80000000000028 
781.5999755859375 783.0308442001524 38.90000000000028 
781.8999633789062 783.123892421593 39.000000000000284 
782.0 783.2131956602625 39.100000000000286 
781.5999755859375 783.2987419631081 39.20000000000029 
782.5 783.3805211269693 39.30000000000029 
782.5999755859375 783.4585247002576 39.40000000000029 
782.2999877929688 783.5327459839111 39.50000000000029 
783.2999877929688 783.603180031624 39.60000000000029 
782.7000122070312 783.6698236493504 39.700000000000294 
782.3999633789062 783.732675394085 39.800000000000296 
782.5 783.7917355719184 39.9000000000003 
782.7999877929688 783.8470062353699 40.0000000000003 
783.5 783.8984911799994 40.1000000000003 
783.0999755859375 783.9461959402985 40.2000000000003 
783.7999877929688 783.9901277848646 40.3000000000003 
783.2999877929688 784.0302957108582 40.400000000000304 
783.3999633789062 784.0667104377469 40.500000000000306 
783.2999877929688 784.0993844003401 40.60000000000031 
783.5999755859375 784.1283317411145 40.70000000000031 
783.5999755859375 784.1535683018361 40.80000000000031 
783.8999633789062 784.1751116144825 40.90000000000031 
784.0 784.1929808914667 41.00000000000031 
783.8999633789062 784.2071970151704 41.100000000000314 
784.0 784.2177825267877 41.200000000000315 
784.0 784.2247616144865 41.30000000000032 
784.2000122070312 784.2281601008912 41.40000000000032 
783.5999755859375 784.2280054298928 41.50000000000032 
783.7000122070312 784.2243266527914 41.60000000000032 
784.0 784.2171544137768 41.70000000000032 
782.7999877929688 784.2065209347546 41.800000000000324 
783.2999877929688 784.1924599995218 41.900000000000325 
783.3999633789062 784.1750069373014 42.00000000000033 
783.2999877929688 784.1541986056405 42.10000000000033 
783.3999633789062 784.1300733726798 42.20000000000033 
783.5 784.1026710988028 42.30000000000033 
783.3999633789062 784.072033117671 42.40000000000033 
783.5999755859375 784.0382022166535 42.500000000000334 
784.0 784.0012226166599 42.600000000000335 
783.5 783.961139951383 42.70000000000034 
784.2999877929688 783.9180012459623 42.80000000000034 
783.8999633789062 783.8718548950748 42.90000000000034 
784.0999755859375 783.8227506404643 43.00000000000034 
783.8999633789062 783.770739547917 43.10000000000034 
784.0999755859375 783.7158739836927 43.200000000000344 
784.3999633789062 783.6582075904239 43.300000000000345 
784.5 783.5977952624887 43.40000000000035 
783.7999877929688 783.5346931208718 43.50000000000035 
784.0 783.4689584875205 43.60000000000035 
784.2000122070312 783.400649859209 43.70000000000035 
783.8999633789062 783.32982688092 43.80000000000035 
784.2999877929688 783.2565503187552 43.900000000000354 
783.5999755859375 783.180882032386 44.000000000000355 
783.7000122070312 783.1028849470551 44.10000000000036 
783.7000122070312 783.0226230251424 44.20000000000036 
784.0 782.940161237303 44.30000000000036 
783.3999633789062 782.8555655331944 44.40000000000036 
783.5999755859375 782.7689028118004 44.50000000000036 
783.2000122070312 782.6802408913662 44.600000000000364 
783.5 782.5896484789567 44.700000000000365 
783.5999755859375 782.4971951396504 44.80000000000037 
783.0999755859375 782.402951265381 44.90000000000037 
783.2999877929688 782.306988043441 45.00000000000037 
782.8999633789062 782.2093774246582 45.10000000000037 
783.0 782.1101920912597 45.20000000000037 
782.8999633789062 782.0095054244362 45.300000000000374 
783.0 781.9073914716197 45.400000000000375 
782.7999877929688 781.8039249134883 45.50000000000038 
782.5999755859375 781.6991810307111 45.60000000000038 
782.2000122070312 781.5932356704469 45.70000000000038 
782.2999877929688 781.4861652126126 45.80000000000038 
782.0999755859375 781.3780465359306 45.90000000000038 
782.0999755859375 781.2689569837739 46.000000000000384 
782.5999755859375 781.1589743298201 46.100000000000385 
781.3999633789062 781.0481767435286 46.20000000000039 
781.7999877929688 780.9366427554567 46.30000000000039 
782.3999633789062 780.8244512224264 46.40000000000039 
782.0 780.7116812925592 46.50000000000039 
781.8999633789062 780.5984123701897 46.60000000000039 
781.0 780.4847240806761 46.700000000000394 
781.0999755859375 780.3706962351182 46.800000000000395 
781.2000122070312 780.2564087950013 46.9000000000004 
781.5 780.1419418367769 47.0000000000004 
781.5 780.027375516397 47.1000000000004 
780.7999877929688 779.9127900338159 47.2000000000004 
780.7999877929688 779.7982655974739 47.3000000000004 
780.7999877929688 779.683882388777 47.400000000000404 
780.5 779.5697205265886 47.500000000000405 
780.7999877929688 779.4558600317464 47.600000000000406 
780.2000122070312 779.3423807916187 47.70000000000041 
780.3999633789062 779.2293625247166 47.80000000000041 
780.3999633789062 779.1168847453752 47.90000000000041 
780.3999633789062 779.0050267285171 48.00000000000041 
780.0999755859375 778.8938674745164 48.10000000000041 
779.8999633789062 778.7834856741719 48.200000000000415 
780.0 778.6739596738108 48.300000000000416 
780.2000122070312 778.565367440531 48.40000000000042 
779.7999877929688 778.4577865275988 48.50000000000042 
779.7999877929688 778.3512940400184 48.60000000000042 
779.2000122070312 778.245966600282 48.70000000000042 
779.3999633789062 778.1418803143206 48.80000000000042 
779.0999755859375 778.0391107376635 48.900000000000425 
778.8999633789062 777.9377328418262 49.000000000000426 
779.0999755859375 777.8378209809359 49.10000000000043 
779.2999877929688 777.7394488586101 49.20000000000043 
778.3999633789062 777.6426894951023 49.30000000000043 
778.7000122070312 777.5476151947279 49.40000000000043 
778.5999755859375 777.4542975135831 49.50000000000043 
778.0 777.3628072275706 49.600000000000435 
778.2000122070312 777.2732143007453 49.700000000000436 
777.7000122070312 777.1855878539927 49.80000000000044 
777.5999755859375 777.0999961340531 49.90000000000044 
777.7999877929688 777.0165064829038 50.00000000000044 
777.7000122070312 776.9351853075129 50.10000000000044 
777.7999877929688 776.8560980499764 50.20000000000044 
777.5999755859375 776.7793091580498 50.300000000000445 
776.8999633789062 776.7048820560901 50.400000000000446 
777.2000122070312 776.6328791164143 50.50000000000045 
777.0999755859375 776.5633616310921 50.60000000000045 
777.0999755859375 776.4963897841806 50.70000000000045 
776.8999633789062 776.4320226244133 50.80000000000045 
777.0 776.3703180383558 50.90000000000045 
776.3999633789062 776.3113327240375 51.000000000000455 
776.5 776.2551221650718 51.100000000000456 
776.3999633789062 776.2017406052745 51.20000000000046 
776.5 776.1512410237904 51.30000000000046 
776.3999633789062 776.1036751107401 51.40000000000046 
775.5999755859375 776.0590932433958 51.50000000000046 
776.2000122070312 776.0175444628951 51.60000000000046 
775.5999755859375 775.9790764515053 51.700000000000465 
775.5999755859375 775.9437355104442 51.800000000000466 
775.8999633789062 775.9115665382689 51.90000000000047 
775.5 775.8826130098408 52.00000000000047 
775.0999755859375 775.8569169558757 52.10000000000047 
775.2999877929688 775.8345189430869 52.20000000000047 
774.5 775.8154580549301 52.30000000000047 
774.5 775.7997718729582 52.400000000000475 
774.5999755859375 775.787496458794 52.500000000000476 
775.0 775.778666336726 52.60000000000048 
774.0999755859375 775.7733144769395 52.70000000000048 
774.3999633789062 775.7714722793835 52.80000000000048 
774.0 775.7731695582866 52.90000000000048 
774.0999755859375 775.7784345273227 53.00000000000048 
773.7000122070312 775.7872937854381 53.100000000000485 
773.3999633789062 775.7997723033404 53.200000000000486 
773.7999877929688 775.8158934106602 53.30000000000049 
773.8999633789062 775.8356787837871 53.40000000000049 
773.2000122070312 775.8591484343867 53.50000000000049 
772.5 775.8863206986042 53.60000000000049 
773.0999755859375 775.9172122269575 53.70000000000049 
772.3999633789062 775.9518379749256 53.800000000000495 
772.8999633789062 775.9902111942353 53.900000000000496 
772.8999633789062 776.0323434248501 54.0000000000005 
772.3999633789062 776.0782444876666 54.1000000000005 
772.0999755859375 776.1279224779179 54.2000000000005 
772.3999633789062 776.1813837592908 54.3000000000005 
772.0999755859375 776.2386329587567 54.4000000000005 
772.0999755859375 776.2996729621199 54.500000000000504 
771.5999755859375 776.3645049102848 54.600000000000506 
772.2000122070312 776.4331281962443 54.70000000000051 
771.8999633789062 776.5055404627896 54.80000000000051 
771.3999633789062 776.581737600944 54.90000000000051 
771.2000122070312 776.6617137491219 55.00000000000051 
771.5 776.7454612930102 55.10000000000051 
771.0999755859375 776.8329708661778 55.200000000000514 
771.2000122070312 776.9242313514081 55.300000000000516 
771.0 777.0192298827578 55.40000000000052 
770.5999755859375 777.1179518483387 55.50000000000052 
771.0999755859375 777.2203808938244 55.60000000000052 
771.0999755859375 777.326498926678 55.70000000000052 
770.7999877929688 777.4362861211015 55.80000000000052 
769.8999633789062 777.5497209237035 55.900000000000524 
770.2999877929688 777.6667800598843 56.000000000000526 
770.0 777.7874385409365 56.10000000000053 
770.0999755859375 777.9116696718554 56.20000000000053 
770.3999633789062 778.0394450598611 56.30000000000053 
770.0 778.1707346236253 56.40000000000053 
770.0 778.3055066032 56.50000000000053 
769.7000122070312 778.4437275706467 56.600000000000534 
770.0 778.5853624413585 56.700000000000536 
769.7999877929688 778.7303744860736 56.80000000000054 
770.0 778.878725343574 56.90000000000054 
769.3999633789062 779.0303750340659 57.00000000000054 
770.2000122070312 779.1852819732344 57.10000000000054 
770.0999755859375 779.3434029869701 57.20000000000054 
769.8999633789062 779.5046933267593 57.300000000000544 
770.5 779.6691066857325 57.400000000000546 
770.3999633789062 779.8365952153666 57.50000000000055 
770.0 780.007109542832 57.60000000000055 
770.7000122070312 780.180598788979 57.70000000000055 
770.5999755859375 780.3570105869558 57.80000000000055 
770.7000122070312 780.5362911014532 57.90000000000055 
770.8999633789062 780.718385048564 58.000000000000554 
771.5 780.9032357162539 58.100000000000556 
771.3999633789062 781.0907849854334 58.20000000000056 
771.7000122070312 781.2809733516223 58.30000000000056 
772.2999877929688 781.4737399471999 58.40000000000056 
772.0 781.6690225642302 58.50000000000056 
773.3999633789062 781.8667576778554 58.60000000000056 
773.0 782.0668804702459 58.700000000000564 
773.7000122070312 782.2693248550991 58.800000000000566 
773.7999877929688 782.4740235026774 58.90000000000057 
775.2999877929688 782.6809078653748 59.00000000000057 
775.3999633789062 782.8899082038016 59.10000000000057 
775.5 783.1009536133786 59.20000000000057 
776.3999633789062 783.3139720514282 59.30000000000057 
776.2999877929688 783.5288903647538 59.400000000000574 
776.7999877929688 783.7456343176946 59.500000000000576 
777.0 783.964128620646 59.60000000000058 
777.3999633789062 784.1842969590343 59.70000000000058 
778.2000122070312 784.4060620227332 59.80000000000058 
778.7999877929688 784.6293455359113 59.90000000000058 
779.5 784.854068287299 60.00000000000058 
779.2999877929688 785.0801501608619 60.100000000000584 
780.0999755859375 785.3075101668688 60.200000000000585 
781.0999755859375 785.5360664733435 60.30000000000059 
781.0999755859375 785.7657364378841 60.40000000000059 
781.5999755859375 785.9964366398428 60.50000000000059 
781.7999877929688 786.2280829128474 60.60000000000059 
782.3999633789062 786.4605903776561 60.70000000000059 
782.5 786.6938734753307 60.800000000000594 
782.5999755859375 786.9278460007146 60.900000000000595 
782.7000122070312 787.162421136203 61.0000000000006 
782.7999877929688 787.397511485793 61.1000000000006 
783.7000122070312 787.6330291093963 61.2000000000006 
784.2000122070312 787.868885557406 61.3000000000006 
783.8999633789062 788.1049919054992 61.4000000000006 
784.0999755859375 788.3412587896643 61.500000000000604 
784.7000122070312 788.5775964414374 61.600000000000605 
784.7999877929688 788.8139147233359 61.70000000000061 
785.0999755859375 789.0501231644718 61.80000000000061 
785.5 789.2861309963342 61.90000000000061 
785.0999755859375 789.5218471887245 62.00000000000061 
785.5 789.7571804858292 62.10000000000061 
785.5999755859375 789.9920394424198 62.200000000000614 
786.0999755859375 790.2263324601598 62.300000000000615 
786.5 790.4599678240096 62.40000000000062 
786.5 790.6928537387106 62.50000000000062 
786.2000122070312 790.924898365337 62.60000000000062 
786.7000122070312 791.156009857899 62.70000000000062 
787.2999877929688 791.3860963999826 62.80000000000062 
787.5 791.6150662414129 62.900000000000624 
787.2000122070312 791.8428277349245 63.000000000000625 
787.7999877929688 792.0692893728258 63.10000000000063 
788.2000122070312 792.2943598236408 63.20000000000063 
788.2999877929688 792.5179479687162 63.30000000000063 
788.0999755859375 792.7399629387767 63.40000000000063 
788.7000122070312 792.9603141504148 63.50000000000063 
789.0 793.1789113425018 63.600000000000634 
788.8999633789062 793.3956646125027 63.700000000000635 
789.2000122070312 793.6104844526831 63.80000000000064 
789.0 793.8232817861915 63.90000000000064 
789.3999633789062 794.0339680030049 64.00000000000064 
789.3999633789062 794.2424549957202 64.10000000000063 
790.0 794.4486551951798 64.20000000000063 
789.7000122070312 794.6524816059161 64.30000000000062 
790.2000122070312 794.8538478413999 64.40000000000062 
790.2000122070312 795.0526681590801 64.50000000000061 
790.7000122070312 795.2488574951992 64.6000000000006 
790.2000122070312 795.4423314993716 64.7000000000006 
791.0 795.6330065689102 64.8000000000006 
790.7000122070312 795.8207998828882 64.90000000000059 
791.0999755859375 796.0056294359214 65.00000000000058 
791.5 796.1874140716586 65.10000000000058 
791.7000122070312 796.3660735159657 65.20000000000057 
791.7000122070312 796.54152840979 65.30000000000057 
791.7000122070312 796.7137003416934 65.40000000000056 
791.7999877929688 796.8825118800388 65.50000000000055 
792.2000122070312 797.0478866048176 65.60000000000055 
792.2000122070312 797.2097491391073 65.70000000000054 
792.7999877929688 797.368025180144 65.80000000000054 
792.2999877929688 797.5226415299978 65.90000000000053 
792.8999633789062 797.673526125841 66.00000000000053 
793.0 797.8206080697935 66.10000000000052 
793.2000122070312 797.9638176583353 66.20000000000051 
793.0 798.103086411275 66.30000000000051 
793.2000122070312 798.2383471002603 66.4000000000005 
793.2999877929688 798.369533776821 66.5000000000005 
793.7999877929688 798.4965817999314 66.60000000000049 
793.7000122070312 798.6194278630836 66.70000000000049 
794.0999755859375 798.7380100208578 66.80000000000048 
794.3999633789062 798.85226771498 66.90000000000047 
794.5999755859375 798.9621417998578 67.00000000000047 
794.2999877929688 799.067574567582 67.10000000000046 
795.0 799.1685097723852 67.20000000000046 
795.0999755859375 799.2648926545461 67.30000000000045 
795.2000122070312 799.3566699637322 67.40000000000045 
795.5999755859375 799.4437899817683 67.50000000000044 
795.2000122070312 799.5262025448247 67.60000000000043 
795.7999877929688 799.6038590650129 67.70000000000043 
795.5999755859375 799.676712551383 67.80000000000042 
796.5 799.7447176303125 67.90000000000042 
796.0999755859375 799.8078305652779 68.00000000000041 
796.0 799.8660092760027 68.1000000000004 
796.5 799.9192133569727 68.2000000000004 
796.7999877929688 799.9674040953103 68.3000000000004 
796.5 800.0105444880032 68.40000000000039 
797.0 800.0485992584776 68.50000000000038 
796.7999877929688 800.0815348725099 68.60000000000038 
797.2000122070312 800.1093195534722 68.70000000000037 
797.0999755859375 800.1319232969017 68.80000000000037 
797.2000122070312 800.1493178843922 68.90000000000036 
796.8999633789062 800.1614768967979 69.00000000000036 
797.3999633789062 800.1683757267474 69.10000000000035 
797.3999633789062 800.1699915904605 69.20000000000034 
797.7999877929688 800.1663035388641 69.30000000000034 
797.7000122070312 800.1572924680011 69.40000000000033 
797.7999877929688 800.1429411287303 69.50000000000033 
797.5 800.1232341357112 69.60000000000032 
797.8999633789062 800.09815797567 69.70000000000032 
798.2999877929688 800.0677010149444 69.80000000000031 
797.7999877929688 800.0318535063037 69.9000000000003 
798.2999877929688 799.9906075950399 70.0000000000003 
798.0999755859375 799.9439573243294 70.10000000000029 
798.2000122070312 799.8918986398604 70.20000000000029 
798.5 799.8344293937267 70.30000000000028 
798.3999633789062 799.7715493475831 70.40000000000028 
798.2999877929688 799.7032601750639 70.50000000000027 
798.7999877929688 799.6295654634608 70.60000000000026 
798.3999633789062 799.5504707146611 70.70000000000026 
798.7999877929688 799.4659833453441 70.80000000000025 
798.5 799.3761126864366 70.90000000000025 
798.5999755859375 799.2808699818275 71.00000000000024 
799.3999633789062 799.1802683863398 71.10000000000024 
798.7000122070312 799.0743229629635 71.20000000000023 
798.8999633789062 798.963050679348 71.30000000000022 
798.8999633789062 798.8464704035565 71.40000000000022 
799.2999877929688 798.7246028990824 71.50000000000021 
798.7000122070312 798.5974708191311 71.60000000000021 
798.8999633789062 798.4650987001685 71.7000000000002 
799.3999633789062 798.3275129547377 71.8000000000002 
798.7999877929688 798.1847418635481 71.90000000000019 
799.2999877929688 798.0368155668386 72.00000000000018 
799.7999877929688 797.8837660550184 72.10000000000018 
799.2000122070312 797.7256271585891 72.20000000000017 
799.0 797.5624345373517 72.30000000000017 
798.7999877929688 797.3942256689024 72.40000000000016 
799.2999877929688 797.221039836422 72.50000000000016 
799.0999755859375 797.0429181157626 72.60000000000015 
799.3999633789062 796.8599033618377 72.70000000000014 
799.7999877929688 796.6720401943196 72.80000000000014 
799.5 796.4793749826508 72.90000000000013 
799.2999877929688 796.2819558303742 73.00000000000013 
799.2000122070312 796.0798325587879 73.10000000000012 
799.7000122070312 795.8730566899318 73.20000000000012 
799.5 795.6616814289124 73.30000000000011 
799.5 795.445761645571 73.4000000000001 
799.5 795.2253538555047 73.5000000000001 
799.0 795.0005162004455 73.6000000000001 
799.2000122070312 794.7713084280066 73.70000000000009 
799.3999633789062 794.537791870802 73.80000000000008 
799.5 794.3000294249497 73.90000000000008 
799.5999755859375 794.0580855279641 74.00000000000007 
799.5 793.8120261360486 74.10000000000007 
799.5999755859375 793.5619187007964 74.20000000000006 
799.2999877929688 793.3078321453058 74.30000000000005 
798.8999633789062 793.0498368397259 74.40000000000005 
799.0 792.7880045762338 74.50000000000004 
799.0 792.5224085434593 74.60000000000004 
799.5 792.2531233003651 74.70000000000003 
799.5999755859375 791.980224749591 74.80000000000003 
799.5 791.7037901102751 74.90000000000002 
798.8999633789062 791.4238978903606 75.00000000000001 
799.2999877929688 791.1406278584 75.10000000000001 
799.2000122070312 790.8540610148669 75.2 
798.8999633789062 790.5642795629876 75.3 
798.8999633789062 790.2713668791027 75.39999999999999 
799.0 789.9754074825709 75.49999999999999 
799.0 789.676487005226 75.59999999999998 
798.2000122070312 789.3746921604014 75.69999999999997 
798.0999755859375 789.0701107115297 75.79999999999997 
798.0999755859375 788.7628314403339 75.89999999999996 
797.7000122070312 788.452944114621 75.99999999999996 
796.8999633789062 788.1405394556892 76.09999999999995 
796.8999633789062 787.8257091053644 76.19999999999995 
796.8999633789062 787.5085455926755 76.29999999999994 
796.7000122070312 787.1891423001845 76.39999999999993 
795.7999877929688 786.867593429982 76.49999999999993 
795.7000122070312 786.5439939693633 76.59999999999992 
795.2000122070312 786.218439656198 76.69999999999992 
795.0999755859375 785.891026944005 76.79999999999991 
794.0999755859375 785.5618529667495 76.8999999999999 
793.7000122070312 785.2310155033725 76.9999999999999 
793.5999755859375 784.8986129420703 77.0999999999999 
792.5999755859375 784.5647442443335 77.19999999999989 
792.0 784.2295089087642 77.29999999999988 
791.5 783.8930069346818 77.39999999999988 
791.2000122070312 783.5553387855335 77.49999999999987 
790.2000122070312 783.2166053521241 77.59999999999987 
789.7000122070312 782.8769079156775 77.69999999999986 
789.2000122070312 782.5363481107466 77.79999999999986 
788.5999755859375 782.1950278879851 77.89999999999985 
787.7999877929688 781.8530494767948 77.99999999999984 
787.0 781.5105153478652 78.09999999999984 
786.2999877929688 781.1675281756177 78.19999999999983 
786.0999755859375 780.8241908005709 78.29999999999983 
785.5999755859375 780.480606191641 78.39999999999982 
785.0 780.1368774083907 78.49999999999982 
784.8999633789062 779.7931075632449 78.59999999999981 
784.2000122070312 779.4493997836839 78.6999999999998 
783.8999633789062 779.1058571744313 78.7999999999998 
783.0 778.7625827796511 78.89999999999979 
782.7999877929688 778.4196795451682 78.99999999999979 
782.5 778.0772502807267 79.09999999999978 
782.0 777.7353976223034 79.19999999999978 
781.3999633789062 777.3942239944862 79.29999999999977 
780.5 777.0538315729384 79.39999999999976 
780.3999633789062 776.7143222469574 79.49999999999976 
780.2000122070312 776.3757975821472 79.59999999999975 
780.2999877929688 776.0383587832173 79.69999999999975 
780.0 775.7021066569209 79.79999999999974 
779.5999755859375 775.3671415751515 79.89999999999974 
778.7000122070312 775.0335634382067 79.99999999999973 
778.5 774.7014716382379 80.09999999999972 
778.5 774.3709650228986 80.19999999999972 
778.3999633789062 774.0421418592045 80.29999999999971 
777.7999877929688 773.7150997976214 80.39999999999971 
777.3999633789062 773.3899358363935 80.4999999999997 
776.8999633789062 773.0667462861275 80.5999999999997 
776.5 772.7456267346435 80.69999999999969 
776.0 772.4266720121104 80.79999999999968 
776.2000122070312 772.1099761564763 80.89999999999968 
775.3999633789062 771.795632379208 80.99999999999967 
775.5999755859375 771.4837330313545 81.09999999999967 
774.7999877929688 771.1743695699457 81.19999999999966 
774.5999755859375 770.8676325247407 81.29999999999966 
774.2000122070312 770.563611465338 81.39999999999965 
773.5 770.2623949686615 81.49999999999964 
773.7000122070312 769.964070586833 81.59999999999964 
773.2000122070312 769.668724815446 81.69999999999963 
772.8999633789062 769.3764430622515 81.79999999999963 
772.7000122070312 769.0873096162682 81.89999999999962 
772.2000122070312 768.8014076173306 81.99999999999962 
772.0 768.5188190260851 82.09999999999961 
771.2000122070312 768.239624594446 82.1999999999996 
771.3999633789062 767.963903836524 82.2999999999996 
770.5 767.6917350000374 82.3999999999996 
770.7000122070312 767.4231950382183 82.49999999999959 
770.5999755859375 767.1583595822227 82.59999999999958 
770.2000122070312 766.8973029140573 82.69999999999958 
769.3999633789062 766.640097940033 82.79999999999957 
769.3999633789062 766.3868161647537 82.89999999999957 
769.7000122070312 766.1375276656538 82.99999999999956 
768.7000122070312 765.8923010680908 83.09999999999955 
768.5 765.6512035210044 83.19999999999955 
768.2999877929688 765.4143006731524 83.29999999999954 
768.3999633789062 765.18165664993 83.39999999999954 
767.5 764.9533340307846 83.49999999999953 
767.5 764.7293938272312 83.59999999999953 
766.7999877929688 764.509895461481 83.69999999999952 
766.7000122070312 764.2948967456881 83.79999999999951 
766.5 764.0844538618235 83.89999999999951 
765.7999877929688 763.8786213421847 83.9999999999995 
765.8999633789062 763.677452050548 84.0999999999995 
765.5999755859375 763.48099716397 84.19999999999949 
764.8999633789062 763.2893061552459 84.29999999999949 
764.7999877929688 763.1024267760323 84.39999999999948 
765.0999755859375 762.9204050406393 84.49999999999947 
764.3999633789062 762.7432852104982 84.59999999999947 
764.2999877929688 762.5711097793131 84.69999999999946 
763.8999633789062 762.4039194588979 84.79999999999946 
763.3999633789062 762.2417531657086 84.89999999999945 
763.2000122070312 762.0846480080723 84.99999999999945 
763.3999633789062 761.932639274121 85.09999999999944 
762.5 761.7857604204307 85.19999999999943 
762.5999755859375 761.6440430613743 85.29999999999943 
761.7000122070312 761.50751695919 85.39999999999942 
761.5999755859375 761.3762100147685 85.49999999999942 
761.2999877929688 761.2501482591642 85.59999999999941 
761.0 761.1293558458322 85.6999999999994 
760.7999877929688 761.0138550435934 85.7999999999994 
760.7999877929688 760.9036662303326 85.8999999999994 
760.5 760.79880788743 85.99999999999939 
759.7000122070312 760.6992965949272 86.09999999999938 
759.2000122070312 760.6051470274319 86.19999999999938 
759.5 760.5163719507618 86.29999999999937 
758.7999877929688 760.4329822193264 86.39999999999937 
759.0999755859375 760.3549867742521 86.49999999999936 
758.5999755859375 760.2823926422465 86.59999999999935 
758.5 760.2152049352046 86.69999999999935 
758.5 760.1534268505575 86.79999999999934 
758.0 760.0970596723603 86.89999999999934 
757.2000122070312 760.0461027731212 86.99999999999933 
757.2999877929688 760.0005536163703 87.09999999999933 
757.0 759.9604077599657 87.19999999999932 
757.0 759.9256588601362 87.29999999999932 
756.3999633789062 759.896298676259 87.39999999999931 
755.7999877929688 759.8723170763702 87.4999999999993 
755.7000122070312 759.8537020434043 87.5999999999993 
755.2999877929688 759.8404396821625 87.69999999999929 
755.0 759.8325142270037 87.79999999999929 
755.0999755859375 759.829908050259 87.89999999999928 
755.2999877929688 759.8326016713607 87.99999999999928 
754.3999633789062 759.8405737666878 88.09999999999927 
754.2999877929688 759.8538011801193 88.19999999999926 
754.0 759.8722589342925 88.29999999999926 
754.2000122070312 759.8959202425635 88.39999999999925 
753.7000122070312 759.9247565216608 88.49999999999925 
753.5999755859375 759.9587374050304 88.59999999999924 
752.8999633789062 759.9978307568656 88.69999999999924 
753.0 760.0420026868148 88.79999999999923 
753.3999633789062 760.0912175653627 88.89999999999922 
752.5999755859375 760.1454380398781 88.99999999999922 
752.2000122070312 760.2046250513202 89.09999999999921 
752.3999633789062 760.2687378516003 89.1999999999992 
752.2000122070312 760.3377340215864 89.2999999999992 
751.7000122070312 760.4115694897487 89.3999999999992 
751.5999755859375 760.4901985514346 89.49999999999919 
751.5999755859375 760.5735738887676 89.59999999999918 
751.2000122070312 760.6616465911596 89.69999999999918 
751.7000122070312 760.7543661764317 89.79999999999917 
751.7000122070312 760.8516806125309 89.89999999999917 
751.3999633789062 760.9535363398375 89.99999999999916 
751.2999877929688 761.059878294051 90.09999999999916 
751.5 761.1706499296483 90.19999999999915 
752.0 761.285793243901 90.29999999999914 
751.7000122070312 761.4052488014468 90.39999999999914 
752.2999877929688 761.5289557593989 90.49999999999913 
752.7999877929688 761.6568518929904 90.59999999999913 
753.0 761.7888736217367 90.69999999999912 
753.0 761.9249560361092 90.79999999999912 
753.2000122070312 762.0650329247088 90.89999999999911 
753.7000122070312 762.2090368019277 90.9999999999991 
753.5 762.356898936088 91.0999999999991 
753.3999633789062 762.5085493780471 91.1999999999991 
754.0999755859375 762.6639169902564 91.29999999999909 
754.2000122070312 762.8229294762642 91.39999999999908 
754.8999633789062 762.9855134106475 91.49999999999908 
754.5 763.1515942693644 91.59999999999907 
755.2000122070312 763.321096460511 91.69999999999906 
755.8999633789062 763.4939433554739 91.79999999999906 
755.7999877929688 763.6700573204639 91.89999999999905 
755.7000122070312 763.8493597484174 91.99999999999905 
756.2999877929688 764.0317710912551 92.09999999999904 
757.0 764.2172108924831 92.19999999999904 
756.5 764.4055978201236 92.29999999999903 
757.2000122070312 764.5968496999627 92.39999999999903 
757.3999633789062 764.7908835491011 92.49999999999902 
757.0 764.9876156097945 92.59999999999901 
757.5 765.1869613835704 92.69999999999901 
757.5999755859375 765.3888356656072 92.799999999999 
758.5 765.5931525793618 92.899999999999 
758.3999633789062 765.7998256114322 92.99999999999899 
758.8999633789062 766.0087676466401 93.09999999999899 
758.7000122070312 766.2198910033215 93.19999999999898 
759.3999633789062 766.4331074688084 93.29999999999897 
759.5999755859375 766.6483283350896 93.39999999999897 
759.7000122070312 766.8654644346345 93.49999999999896 
759.3999633789062 767.0844261763683 93.59999999999896 
760.2999877929688 767.3051235817799 93.69999999999895 
760.5 767.5274663211527 93.79999999999895 
760.2000122070312 767.7513637499003 93.89999999999894 
760.3999633789062 767.976724944994 93.99999999999893 
760.7000122070312 768.203458741468 94.09999999999893 
761.5999755859375 768.431473768986 94.19999999999892 
761.3999633789062 768.6606784884565 94.29999999999892 
761.7000122070312 768.8909812286803 94.39999999999891 
762.0 769.1222902230178 94.4999999999989 
762.7000122070312 769.3545136460584 94.5999999999989 
762.5999755859375 769.5875596502807 94.6999999999989 
762.7000122070312 769.8213364026859 94.79999999999889 
763.2999877929688 770.0557521213918 94.89999999999888 
763.3999633789062 770.2907151121717 94.99999999999888 
764.0 770.5261338049239 95.09999999999887 
764.0 770.7619167900572 95.19999999999887 
763.8999633789062 770.9979728547785 95.29999999999886 
764.7000122070312 771.2342110192667 95.39999999999885 
765.0999755859375 771.4705405727194 95.49999999999885 
764.5999755859375 771.7068711092579 95.59999999999884 
765.5 771.9431125636763 95.69999999999884 
765.5 772.1791752470195 95.79999999999883 
766.0 772.414969881978 95.89999999999883 
765.7999877929688 772.6504076380821 95.99999999999882 
765.8999633789062 772.8854001666854 96.09999999999881 
766.5 773.1198596357203 96.19999999999881 
766.5999755859375 773.3536987642135 96.2999999999988 
766.7999877929688 773.5868308565474 96.3999999999988 
767.3999633789062 773.8191698364534 96.49999999999879 
767.8999633789062 774.0506302807239 96.59999999999879 
767.3999633789062 774.2811274526298 96.69999999999878 
767.7999877929688 774.5105773350292 96.79999999999878 
768.2000122070312 774.7388966631554 96.89999999999877 
768.2999877929688 774.9660029570709 96.99999999999876 
768.3999633789062 775.1918145537733 97.09999999999876 
769.0 775.4162506389417 97.19999999999875 
769.0 775.6392312783115 97.29999999999875 
768.8999633789062 775.8606774486622 97.39999999999874 
769.7000122070312 776.0805110684096 97.49999999999874 
769.7999877929688 776.2986550277883 97.59999999999873 
769.7000122070312 776.5150332186118 97.69999999999872 
770.0 776.7295705636009 97.79999999999872 
770.7999877929688 776.9421930452654 97.89999999999871 
770.7000122070312 777.1528277343322 97.9999999999987 
771.0999755859375 777.3614028177028 98.0999999999987 
771.5 777.5678476259352 98.1999999999987 
771.2999877929688 777.7720926602336 98.29999999999869 
771.7999877929688 777.9740696189406 98.39999999999868 
772.5 778.1737114235167 98.49999999999868 
772.0999755859375 778.3709522440004 98.59999999999867 
772.3999633789062 778.5657275239366 98.69999999999867 
772.5 778.757974004765 98.79999999999866 
772.7000122070312 778.9476297496569 98.89999999999866 
773.0999755859375 779.1346341667949 98.99999999999865 
773.5 779.3189280320798 99.09999999999864 
773.2000122070312 779.500453511264 99.19999999999864 
773.2999877929688 779.6791541814952 99.29999999999863 
773.3999633789062 779.8549750522662 99.39999999999863 
773.7999877929688 780.0278625857627 99.49999999999862 
773.5999755859375 780.1977647165978 99.59999999999862 
774.0999755859375 780.3646308709292 99.69999999999861 
774.0999755859375 780.5284119849499 99.7999999999986 
774.5 780.6890605227443 99.8999999999986 
774.5999755859375 780.8465304935052 99.9999999999986 
774.7999877929688 781.0007774681025 100.09999999999859 
775.0 781.1517585949988 100.19999999999858 
775.5 781.2994326155048 100.29999999999858 
775.5 781.4437598783692 100.39999999999857 
775.5999755859375 781.5847023536969 100.49999999999856 
775.5 781.7222236461906 100.59999999999856 
776.0 781.8562890077105 100.69999999999855 
776.0 781.9868653491474 100.79999999999855 
776.3999633789062 782.1139212516041 100.89999999999854 
776.3999633789062 782.2374269768816 100.99999999999854 
777.3999633789062 782.3573544772662 101.09999999999853 
777.2000122070312 782.4736774046124 101.19999999999852 
777.2000122070312 782.58637111872 101.29999999999852 
777.0999755859375 782.6954126950006 101.39999999999851 
777.0999755859375 782.8007809314333 101.49999999999851 
777.0999755859375 782.9024563548023 101.5999999999985 
777.5999755859375 783.0004212262198 101.6999999999985 
777.7999877929688 783.0946595459278 101.79999999999849 
777.0 783.1851570573798 101.89999999999849 
777.5999755859375 783.271901250599 101.99999999999848 
777.8999633789062 783.3548813648134 102.09999999999847 
777.8999633789062 783.4340883903672 102.19999999999847 
778.2999877929688 783.509515069905 102.29999999999846 
778.3999633789062 783.5811558988337 102.39999999999846 
778.0999755859375 783.6490071250568 102.49999999999845 
778.2000122070312 783.7130667479852 102.59999999999845 
778.8999633789062 783.7733345168238 102.69999999999844 
778.2000122070312 783.829811928134 102.79999999999843 
778.5 783.8825022226752 102.89999999999843 
778.7000122070312 783.9314103815258 102.99999999999842 
778.2999877929688 783.9765431214845 103.09999999999842 
778.7999877929688 784.0179088897562 103.19999999999841 
778.2999877929688 784.0555178579233 103.2999999999984 
779.2000122070312 784.0893819152051 103.3999999999984 
779.2000122070312 784.1195146610096 103.4999999999984 
779.0 784.145931396779 103.59999999999839 
779.7999877929688 784.1686491171345 103.69999999999838 
779.3999633789062 784.1876865003218 103.79999999999838 
779.2000122070312 784.2030638979644 103.89999999999837 
779.5 784.2148033241259 103.99999999999837 
780.0999755859375 784.222928443689 104.09999999999836 
780.3999633789062 784.2274645600531 104.19999999999835 
780.3999633789062 784.2284386021581 104.29999999999835 
780.2000122070312 784.2258791108395 104.39999999999834 
780.8999633789062 784.2198162245185 104.49999999999834 
780.7999877929688 784.2102816642363 104.59999999999833 
780.7999877929688 784.1973087180362 104.69999999999833 
781.2999877929688 784.1809322247015 104.79999999999832 
781.0 784.1611885568554 104.89999999999831 
780.8999633789062 784.1381156034308 104.99999999999831 
781.0999755859375 784.111752751515 105.0999999999983 
781.2000122070312 784.0821408675805 105.1999999999983 
781.0 784.0493222781066 105.29999999999829 
781.5 784.0133407496008 105.39999999999829 
781.7000122070312 783.9742414680297 105.49999999999828 
781.2999877929688 783.9320710176647 105.59999999999827 
781.7999877929688 783.8868773593556 105.69999999999827 
781.5999755859375 783.8387098082367 105.79999999999826 
781.5999755859375 783.7876190108781 105.89999999999826 
781.5 783.7336569218894 105.99999999999825 
781.2999877929688 783.6768767799874 106.09999999999825 
781.7000122070312 783.6173330835348 106.19999999999824 
781.5 783.5550815655639 106.29999999999824 
782.0 783.4901791682919 106.39999999999823 
781.7999877929688 783.4226840171408 106.49999999999822 
781.7999877929688 783.3526553942714 106.59999999999822 
782.2000122070312 783.2801537116429 106.69999999999821 
781.7999877929688 783.2052404836088 106.7999999999982 
781.7999877929688 783.1279782990604 106.8999999999982 
781.8999633789062 783.0484307931293 106.9999999999982 
782.0 782.9666626184621 107.09999999999819 
781.3999633789062 782.882739416076 107.19999999999818 
782.2000122070312 782.7967277858097 107.29999999999818 
782.3999633789062 782.7086952563818 107.39999999999817 
782.0999755859375 782.6187102550672 107.49999999999817 
782.0 782.5268420770058 107.59999999999816 
782.2000122070312 782.4331608541552 107.69999999999816 
781.7999877929688 782.3377375239003 107.79999999999815 
781.8999633789062 782.2406437973326 107.89999999999814 
782.0999755859375 782.1419521272124 107.99999999999814 
782.5 782.0417356756273 108.09999999999813 
782.0 781.9400682813593 108.19999999999813 
782.0999755859375 781.8370244269753 108.29999999999812 
781.7999877929688 781.7326792056533 108.39999999999812 
782.5999755859375 781.6271082877582 108.49999999999811 
781.5999755859375 781.5203878871819 108.5999999999981 
782.0 781.4125947274592 108.6999999999981 
782.3999633789062 781.303806007677 108.7999999999981 
781.7999877929688 781.1940993681861 108.89999999999809 
781.5999755859375 781.0835528561345 108.99999999999808 
781.7999877929688 780.972244890832 109.09999999999808 
781.3999633789062 780.8602542289648 109.19999999999807 
781.5999755859375 780.7476599296687 109.29999999999806 
781.8999633789062 780.6345413194814 109.39999999999806 
781.8999633789062 780.5209779571834 109.49999999999805 
781.8999633789062 780.4070495985442 109.59999999999805 
781.7999877929688 780.2928361609884 109.69999999999804 
781.7000122070312 780.1784176881941 109.79999999999804 
781.8999633789062 780.063874314642 109.89999999999803 
781.5999755859375 779.9492862301242 109.99999999999802 
781.8999633789062 779.8347336442332 110.09999999999802 
781.5 779.7202967508412 110.19999999999801 
781.5 779.6060556925858 110.29999999999801 
781.0 779.4920905253779 110.399999999998 
781.0999755859375 779.3784811829437 110.499999999998 
781.2999877929688 779.2653074414175 110.59999999999799 
781.0999755859375 779.1526488839992 110.69999999999798 
781.0 779.0405848656902 110.79999999999798 
780.8999633789062 778.9291944781239 110.89999999999797 
781.2999877929688 778.8185565145022 110.99999999999797 
781.2999877929688 778.7087494346567 111.09999999999796 
781.0999755859375 778.5998513302442 111.19999999999796 
780.8999633789062 778.4919398900948 111.29999999999795 
781.0 778.3850923657242 111.39999999999795 
780.7999877929688 778.2793855370247 111.49999999999794 
780.7999877929688 778.1748956781508 111.59999999999793 
780.7999877929688 778.0716985236113 111.69999999999793 
780.7999877929688 777.9698692345819 111.79999999999792 
780.3999633789062 777.8694823654539 111.89999999999792 
780.5999755859375 777.7706118306309 111.99999999999791 
780.7999877929688 777.673330871588 112.0999999999979 
780.3999633789062 777.5777120242067 112.1999999999979 
780.2000122070312 777.4838270863992 112.2999999999979 
780.0 777.391747086035 112.39999999999789 
779.5999755859375 777.301542249183 112.49999999999788 
779.7999877929688 777.2132819686827 112.59999999999788 
780.0999755859375 777.127034773057 112.69999999999787 
779.7000122070312 777.0428682957786 112.79999999999787 
780.0 776.9608492449047 112.89999999999786 
779.5999755859375 776.8810433730897 112.99999999999785 
780.0 776.8035154479912 113.09999999999785 
779.3999633789062 776.7283292230784 113.19999999999784 
779.5 776.6555474088578 113.29999999999784 
779.2000122070312 776.5852316445261 113.39999999999783 
779.5999755859375 776.5174424700622 113.49999999999783 
779.2999877929688 776.4522392987711 113.59999999999782 
779.3999633789062 776.3896803902896 113.69999999999781 
779.0999755859375 776.3298228240646 113.79999999999781 
779.0999755859375 776.2727224733172 113.8999999999978 
779.0 776.2184339795008 113.9999999999978 
779.0 776.1670107272648 114.09999999999779 
778.5999755859375 776.118504819935 114.19999999999779 
778.5 776.0729670555193 114.29999999999778 
778.3999633789062 776.0304469032491 114.39999999999777 
778.7000122070312 775.9909924806677 114.49999999999777 
778.2999877929688 775.9546505312725 114.59999999999776 
778.2000122070312 775.9214664027216 114.69999999999776 
778.0999755859375 775.8914840256152 114.79999999999775 
777.3999633789062 775.8647458928572 114.89999999999775 
778.3999633789062 775.8412930396092 114.99999999999774 
777.8999633789062 775.8211650238432 115.09999999999773 
778.0 775.8043999075003 115.19999999999773 
777.5999755859375 775.7910342382665 115.29999999999772 
777.7999877929688 775.7811030319693 115.39999999999772 
777.7000122070312 775.7746397556048 115.49999999999771 
778.0 775.7716763110021 115.5999999999977 
777.7999877929688 775.7722430191318 115.6999999999977 
777.2000122070312 775.7763686050635 115.7999999999977 
777.0999755859375 775.7840801835819 115.89999999999769 
777.2000122070312 775.7954032454642 115.99999999999768 
777.0 775.810361644427 116.09999999999768 
777.0999755859375 775.8289775847468 116.19999999999767 
776.8999633789062 775.8512716095595 116.29999999999767 
776.7999877929688 775.877262589845 116.39999999999766 
776.5 775.9069677141001 116.49999999999766 
776.5 775.9404024787048 116.59999999999765 
776.2999877929688 775.9775806789861 116.69999999999764 
776.2999877929688 776.0185144009836 116.79999999999764 
776.2000122070312 776.063214013919 116.89999999999763 
775.8999633789062 776.1116881633749 116.99999999999763 
776.2000122070312 776.163943765184 117.09999999999762 
775.7999877929688 776.2199860000321 117.19999999999762 
775.5 776.2798183087784 117.29999999999761 
775.2000122070312 776.3434423884928 117.3999999999976 
775.0 776.4108581892145 117.4999999999976 
775.2999877929688 776.4820639114324 117.59999999999759 
775.2000122070312 776.5570560042876 117.69999999999759 
774.5 776.6358291645015 117.79999999999758 
774.5 776.7183763360273 117.89999999999758 
774.7999877929688 776.804688710427 117.99999999999757 
774.5999755859375 776.8947557279743 118.09999999999756 
774.5999755859375 776.9885650794814 118.19999999999756 
774.5999755859375 777.0861027088514 118.29999999999755 
774.5 777.1873528163533 118.39999999999755 
774.0999755859375 777.292297862621 118.49999999999754 
774.0999755859375 777.4009185733725 118.59999999999754 
773.8999633789062 777.5131939448488 118.69999999999753 
773.3999633789062 777.6291012499719 118.79999999999752 
773.2000122070312 777.7486160452161 118.89999999999752 
773.2999877929688 777.8717121781937 118.99999999999751 
773.0 777.9983617959507 119.09999999999751 
773.5 778.1285353539689 119.1999999999975 
773.2999877929688 778.2622016258722 119.2999999999975 
772.8999633789062 778.3993277138323 119.39999999999749 
772.3999633789062 778.5398790596711 119.49999999999748 
772.7000122070312 778.6838194566542 119.59999999999748 
772.5 778.8311110619721 119.69999999999747 
772.2000122070312 778.9817144099036 119.79999999999747 
772.3999633789062 779.1355884256567 119.89999999999746 
771.7000122070312 779.2926904398818 119.99999999999746 
772.2000122070312 779.4529762038502 120.09999999999745 
772.0999755859375 779.6163999052955 120.19999999999744 
771.7999877929688 779.7829141849062 120.29999999999744 
771.0999755859375 779.9524701534696 120.39999999999743 
771.5 780.125017409654 120.49999999999743 
771.3999633789062 780.300504058428 120.59999999999742 
770.8999633789062 780.4788767301046 120.69999999999742 
771.2000122070312 780.660080600007 120.79999999999741 
771.5999755859375 780.8440594087444 120.8999999999974 
771.2000122070312 781.0307554830948 120.9999999999974 
771.7000122070312 781.22010975748 121.0999999999974 
771.7999877929688 781.4120617960315 121.19999999999739 
772.5 781.6065498152328 121.29999999999738 
772.2000122070312 781.8035107071331 121.39999999999738 
773.0999755859375 782.002880063121 121.49999999999737 
773.3999633789062 782.2045921982495 121.59999999999737 
773.7000122070312 782.4085801761038 121.69999999999736 
773.7999877929688 782.6147758341993 121.79999999999735 
774.0 782.8231098099042 121.89999999999735 
774.3999633789062 783.0335115668706 121.99999999999734 
774.5 783.2459094219704 122.09999999999734 
775.0 783.4602305727187 122.19999999999733 
775.0999755859375 783.6764011251795 122.29999999999733 
775.2000122070312 783.8943461223382 122.39999999999732 
775.2000122070312 784.1139895729336 122.49999999999731 
775.5999755859375 784.3352544807342 122.59999999999731 
775.5 784.55806287425 122.6999999999973 
775.5999755859375 784.7823358368674 122.7999999999973 
775.7000122070312 785.007993537394 122.89999999999729 
776.7000122070312 785.2349552610024 122.99999999999729 
776.7999877929688 785.4631394405607 123.09999999999728 
777.0 785.6924636883373 123.19999999999727 
777.7999877929688 785.9228448280656 123.29999999999727 
778.0 786.1541989273594 123.39999999999726 
778.8999633789062 786.3864413304624 123.49999999999726 
779.2999877929688 786.6194866913212 123.59999999999725 
779.2000122070312 786.8532490069679 123.69999999999725 
780.2000122070312 787.0876416511991 123.79999999999724 
780.0 787.3225774085373 123.89999999999723 
